0,0000 0,0000
0,0000 -24,0490
-2,9318 -47,6436
-11,5965 -69,5931
-22,7715 -89,3977
-36,2719 -106,8575
-47,9492 -124,9448
-62,4323 -140,4990
-77,0905 -155,1818
-91,7620 -168,8918
-108,1951 -179,7622
-124,5576 -190,2742
-140,3794 -200,8364
-155,9519 -211,0174
-172,3506 -219,0719
-187,9951 -227,7075
-204,6382 -234,3061
-221,5793 -240,1569
-237,2122 -248,1986
-252,6871 -255,9186
-268,0522 -263,1033
-282,2626 -271,6148
-296,6343 -278,8684
-310,9437 -285,4064
-325,1417 -292,9107
-340,6043 -298,0183
-356,3109 -299,7051
-371,5654 -297,7377
-386,7665 -293,7952
-401,1108 -286,7888
-415,3547 -280,7155
-427,5218 -271,8009
-437,2737 -260,8194
-446,3486 -249,8134
-453,4408 -237,9032
-457,2304 -224,9552
-459,6276 -211,7373
-460,4258 -198,3487
