0,0000 0,0000
0,0000 -24,1045
-5,7696 -46,4795
-11,4356 -67,9077
-16,9027 -88,5836
-22,1711 -108,5082
-31,9105 -125,8847
-41,4331 -142,8743
-53,7145 -157,6355
-68,7123 -169,0885
-84,7858 -179,3792
-101,0810 -189,8118
-117,5352 -200,3462
-134,1687 -210,9954
-150,5914 -220,7461
-167,3654 -228,6577
-184,7819 -233,2503
-201,6019 -237,6015
-217,9969 -241,8429
-234,2148 -245,2719
-250,1830 -247,0671
-265,7999 -246,9870
-281,2847 -245,9385
-295,8865 -241,1001
-310,3191 -236,3177
-324,6876 -231,2608
-338,9539 -226,2400
-352,9597 -221,3108
-366,1687 -215,4425
-379,0536 -209,7181
-391,9005 -204,0106
-404,8792 -198,2446
-417,6928 -192,5520
-429,5147 -185,7186
-438,9899 -176,4111
