		<Placemark>
			<name>route-uav</name>
			<styleUrl>#msn_ylw-pushpin</styleUrl>
			<LineString>
				<tessellate>1</tessellate>
				<coordinates>
					-47.93320738744887,-22.001700533073024,12.0 -47.93319285430655,-22.001718529536720,12.0 -47.93317686784999,-22.001742464833434,12.0 -47.93316097828105,-22.001766400130148,12.0 -47.93314499182449,-22.001790425409180,12.0 -47.93312900536794,-22.001814360705897,12.0 -47.93311214692284,-22.001838296002610,12.0 -47.93309441648920,-22.001862231299324,12.0 -47.93307668605557,-22.001886256578356,12.0 -47.93305885873432,-22.001910191875070,12.0 -47.93304112830069,-22.001934127171786,12.0 -47.93302339786705,-22.001958062468500,12.0 -47.93300557054580,-22.001982087747532,12.0 -47.93298784011217,-22.002006023044245,12.0 -47.93297001279092,-22.002029958340960,12.0 -47.93295228235728,-22.002047864822337,12.0 -47.93293455192365,-22.002056053213316,12.0 -47.93291672460240,-22.002058302771278,12.0 -47.93289899416877,-22.002058302771278,12.0 -47.93288126373513,-22.002058302771278,12.0 -47.93286343641388,-22.002058302771278,12.0 -47.93284570598025,-22.002058302771278,12.0 -47.93282797554661,-22.002058302771278,12.0 -47.93281257041575,-22.002058302771278,12.0 -47.93280598205789,-22.002058302771278,12.0 -47.93281490000000,-22.002062100000000,12.0 -47.93280900000000,-22.002034550000000,12.0 -47.93279220000000,-22.002011200000000,12.0 -47.93276705000000,-22.001995590000000,12.0 -47.93273739000000,-22.001990110000000,12.0 -47.93270773000000,-22.001995590000000,12.0 -47.93268258000000,-22.002011200000000,12.0 -47.93266578000000,-22.002034550000000,12.0 -47.93265988000000,-22.002062100000000,12.0 -47.93266578000000,-22.002089650000000,12.0 -47.93268258000000,-22.002113000000000,12.0 -47.93270773000000,-22.002128610000000,12.0 -47.93273739000000,-22.002134090000000,12.0 -47.93276705000000,-22.002128610000000,12.0 -47.93279220000000,-22.002113000000000,12.0 -47.93280900000000,-22.002089650000000,12.0 -47.93281490000000,-22.002062100000000,12.0 -47.93252150919130,-22.002033772861200,12.0 -47.93251899795560,-22.001938885444600,12.0 -47.93244965598300,-22.001940210523900,12.0 -47.93245928128060,-22.002127427374000,12.0 -47.93239216016630,-22.002127427031700,12.0 -47.93238030260930,-22.001940210122000,12.0 -47.93231207837900,-22.001938884246300,12.0 -47.93232724067650,-22.002126310350200,12.0 -47.93226572722630,-22.002125192451000,12.0 -47.93225772363090,-22.002031375927900,12.0 -47.93225769504184,-22.002031398058055,12.0 -47.93225769504184,-22.002024019507942,12.0 -47.93225769504184,-22.002003773486283,12.0 -47.93225769504184,-22.001978128525520,12.0 -47.93225769504184,-22.001952393582435,12.0 -47.93225769504184,-22.001926748621670,12.0 -47.93225769504184,-22.001901103660906,12.0 -47.93225769504184,-22.001875368717823,12.0 -47.93225769504184,-22.001849723757054,12.0 -47.93225769504184,-22.001823988813970,12.0 -47.93225769504184,-22.001798343853206,12.0 -47.93226350829877,-22.001772698892440,12.0 -47.93227503792501,-22.001746963949360,12.0 -47.93228666443887,-22.001721318988594,12.0 -47.93230245712019,-22.001695584045510,12.0 -47.93232474127175,-22.001669939084746,12.0 -47.93234925383848,-22.001649423116130,12.0 -47.93237366951758,-22.001634036139674,12.0 -47.93239808519669,-22.001618649163213,12.0 -47.93242250087579,-22.001603262186755,12.0 -47.93244701344250,-22.001587875210294,12.0 -47.93247142912161,-22.001572488233837,12.0 -47.93249584480071,-22.001557101257376,12.0 -47.93252035736743,-22.001541714280920,12.0 -47.93254050999145,-22.001526687233730,12.0 -47.93254845477592,-22.001519308683620,12.0 
				</coordinates>
			</LineString>
		</Placemark>
