      0.00       0.00     100.00 
     -1.32     -23.75      94.25 
     -1.51     -47.75      88.75 
      3.12     -71.79      83.25 
     11.93     -94.11      77.75 
     24.87    -114.18      72.25 
     41.96    -131.61      66.75 
     61.84    -145.02      60.94 
     84.01    -154.01      54.68 
    106.18    -163.00      48.22 
    127.08    -174.02      41.72 
    148.98    -182.62      35.22 
    172.19    -189.26      28.72 
    196.17    -193.79      22.22 
    220.59    -193.53      15.72 
