      0.00       0.00     100.00 
     -2.22     -22.82      92.50 
     -8.86     -43.26      85.00 
    -19.94     -61.34      77.50 
    -35.45     -77.05      67.50 
    -55.39     -90.40      58.53 
    -79.48    -100.96      53.08 
   -107.25    -108.13      50.44 
   -137.01    -111.00      47.96 
   -166.84    -108.87      45.09 
   -196.10    -102.18      41.62 
   -224.56     -92.50      37.70 
   -252.21     -80.86      33.70 
   -279.25     -67.75      29.70 
   -306.00     -53.93      25.71 
   -332.62     -39.79      21.71 
   -359.20     -25.58      17.71 
   -385.79     -11.37      13.71 
   -410.98       4.92       9.72 
