      0.00       0.00     100.00 
      0.33     -24.25      93.75 
      0.35     -48.75      87.25 
      2.23     -73.05      80.75 
      9.03     -96.46      74.25 
     20.45    -117.99      67.75 
     36.02    -136.74      61.25 
     55.06    -151.91      54.75 
     76.37    -162.70      48.25 
     99.14    -168.68      41.75 
    123.01    -169.78      35.25 
    146.49    -166.01      28.75 
    168.36    -157.49      22.27 
    188.42    -144.31      16.13 
    207.63    -129.16      10.47 
