0,0000 0,0000
0,0000 -24,6335
-4,6613 -48,3474
-14,4877 -69,6855
-29,0555 -88,3713
-47,9071 -102,8891
-69,0728 -112,9617
-91,3996 -117,6537
-113,1837 -116,6679
-133,5259 -111,9101
-151,3602 -102,8178
-166,0050 -89,9626
-177,8344 -74,9224
-187,9657 -59,4090
-194,5766 -42,7059
-201,0123 -26,4454
-206,7279 -10,5034
-209,0902 5,7067
-209,1892 21,8620
-209,1664 38,2159
-205,6732 54,3423
-199,7577 69,5458
-191,1364 83,3034
-180,0359 95,0765
-168,2579 105,8196
-155,5972 115,2075
-143,2395 124,3706
-131,1518 133,3336
-119,1351 142,2439
-107,1905 151,1008
-94,3953 158,1481
-81,9262 165,0159
-69,6777 171,7621
-57,5831 178,3118
-45,7120 184,7405
-34,0301 191,0667
