0,0000 0,0000
0,0000 -24,5627
3,9751 -48,5273
12,1446 -70,9243
23,1550 -91,6899
33,9048 -111,9638
44,5836 -132,1040
55,2428 -152,2071
65,5703 -171,6846
76,7682 -190,0099
87,7744 -208,0216
98,5842 -225,7117
109,0725 -242,8757
119,3847 -259,7515
129,5923 -276,4562
139,7766 -292,9171
150,3909 -309,0395
160,7318 -324,7465
170,8220 -340,0727
181,3551 -354,6004
194,6970 -365,6367
207,5889 -376,3008
220,2287 -386,7563
233,9900 -395,2790
247,6638 -403,7476
261,2091 -412,1334
274,3249 -420,2533
287,1171 -428,1729
299,6526 -435,9336
312,0695 -443,6208
324,6300 -451,1782
337,0457 -458,6484
349,1780 -465,9481
361,3978 -472,7923
373,5934 -479,3758
386,0250 -485,0593
398,2804 -490,6623
410,4101 -496,0923
