0,0000 0,0000
0,0000 -24,5369
5,8131 -48,0117
14,2637 -69,8740
25,0550 -89,8743
39,0612 -107,3520
55,8091 -121,4468
72,3610 -134,7390
90,1857 -145,6126
108,2082 -155,4045
125,9364 -165,1275
143,4149 -174,7892
160,5769 -184,2111
176,3107 -194,8693
189,9119 -207,1800
202,3793 -219,7067
213,1296 -232,9958
221,0788 -247,6289
228,9411 -261,8766
235,9941 -276,2276
242,6017 -290,6133
248,4549 -305,1825
252,4892 -320,2602
256,1560 -335,1528
259,7697 -349,7384
264,3174 -363,7574
268,1696 -377,6314
271,8305 -391,2323
275,7539 -404,3508
279,4391 -417,2991
283,4569 -429,9432
