00:00:21.544 0.058710 -0.021117 0.000018 100.000018
00:00:21.746 0.058710 -0.021117 0.000018 100.000018
00:00:21.974 0.058710 -0.021117 0.000018 100.000018
00:00:22.109 0.058710 -0.021117 0.000018 100.000018
00:00:22.173 0.058710 -0.021117 0.000018 100.000018
00:00:22.293 0.058710 -0.021117 0.000018 100.000018
00:00:22.353 0.058710 -0.021117 0.000018 100.000018
00:00:22.474 0.058710 -0.021117 0.000018 100.000018
00:00:22.597 0.058710 -0.021117 0.000018 100.000018
00:00:22.657 0.058710 -0.021117 0.000018 100.000018
00:00:22.769 0.058710 -0.021117 0.000018 100.000018
00:00:22.885 0.058710 -0.021117 0.000018 100.000018
00:00:23.005 0.058710 -0.021117 0.000018 100.000018
00:00:23.065 0.058710 -0.021117 0.000018 100.000018
00:00:23.185 0.058710 -0.021117 0.000018 100.000018
00:00:23.307 0.058710 -0.021117 0.000018 100.000018
00:00:23.369 0.058710 -0.021117 0.000018 100.000018
00:00:23.489 0.058710 -0.021117 0.000018 100.000018
00:00:23.549 0.058710 -0.021117 0.000018 100.000018
00:00:23.677 0.058710 -0.021117 0.000018 100.000018
00:00:23.805 0.058710 -0.021117 0.000018 100.000018
00:00:23.869 0.058710 -0.021117 0.000018 100.000018
00:00:23.993 0.058710 -0.021117 0.000018 100.000018
00:00:24.053 0.058710 -0.021117 0.000018 100.000018
00:00:24.173 0.058710 -0.021117 0.000018 100.000018
00:00:24.293 0.058710 -0.021117 0.000018 100.000018
00:00:24.353 0.058710 -0.021117 0.000018 100.000018
00:00:24.477 0.058710 -0.021117 0.000018 100.000018
00:00:24.602 0.058710 -0.021117 0.000018 100.000018
00:00:24.661 0.058710 -0.021117 0.000018 100.000018
00:00:24.781 0.058710 -0.021117 0.000018 100.000018
00:00:24.909 0.058710 -0.021117 0.000018 100.000018
00:00:24.969 0.058710 -0.021117 0.000018 100.000018
00:00:25.097 0.058710 -0.021117 0.000018 100.000018
00:00:25.161 0.058710 -0.021117 0.000018 100.000018
00:00:25.281 0.058710 -0.021117 0.000018 100.000018
00:00:25.405 0.058710 -0.021117 0.000018 100.000018
00:00:25.465 0.058710 -0.021117 0.000018 100.000018
00:00:26.212 0.058710 -2.129112 0.004483 100.004483
00:00:35.357 -0.720522 41.251200 0.251017 100.251017
00:00:35.664 -0.720522 41.251200 0.251017 100.251017
00:00:35.741 -0.720522 41.251200 0.251017 100.251017
00:00:35.769 -0.720522 41.251200 0.251017 100.251017
00:00:35.893 -0.720522 41.251200 0.251017 100.251017
00:00:36.009 -0.720522 41.251200 0.251017 100.251017
00:00:36.109 -0.720522 41.251200 0.251017 100.251017
00:00:36.209 -0.720522 41.251200 0.251017 100.251017
00:00:36.309 -0.720522 41.251200 0.251017 100.251017
00:00:36.409 -0.720522 41.251200 0.251017 100.251017
00:00:36.509 -0.720522 41.251200 0.251017 100.251017
00:00:36.608 -0.720522 41.251200 0.251017 100.251017
00:00:36.692 -0.720522 41.251200 0.251017 100.251017
00:00:36.796 -0.720522 41.251200 0.251017 100.251017
00:00:36.902 -0.720522 41.251200 0.251017 100.251017
00:00:36.996 -0.720522 41.251200 0.251017 100.251017
00:00:37.097 -0.720522 41.251200 0.251017 100.251017
00:00:37.197 -0.720522 41.251200 0.251017 100.251017
00:00:37.297 -0.720522 41.251200 0.251017 100.251017
00:00:37.405 -0.720522 41.251200 0.251017 100.251017
00:00:37.501 -0.720522 41.251200 0.251017 100.251017
00:00:37.601 -0.720522 41.251200 0.251017 100.251017
00:00:37.701 -0.720522 42.693513 0.272076 100.272076
00:00:37.849 -1.165797 45.245296 0.309357 100.309357
00:00:37.912 -1.165797 54.342957 0.471654 100.471654
00:00:38.012 -1.611073 60.334100 0.586177 100.586177
00:00:38.092 -1.611073 65.548613 0.691771 100.691771
00:00:38.197 -1.611073 71.317862 0.800936 100.800936
00:00:38.301 -2.056348 76.976163 0.900205 100.900205
00:00:38.404 -2.056348 83.300148 0.989948 100.989948
00:00:38.505 -2.056348 89.069396 1.049703 101.049703
00:00:38.609 -2.056348 94.727698 1.080361 101.080361
00:00:38.693 -2.056348 100.053158 1.079989 101.079989
00:00:38.800 -2.056348 106.155248 1.045833 101.045833
00:00:38.893 -2.056348 111.480708 0.991883 100.991883
00:00:38.995 -2.056348 116.806169 0.920148 100.920148
00:00:39.097 -1.611073 122.908259 0.818945 100.818945
00:00:39.205 -1.611073 129.010349 0.703826 100.703826
00:00:39.308 -1.611073 134.779597 0.586401 100.586401
00:00:39.396 -1.611073 140.105058 0.468752 100.468752
00:00:39.500 -1.611073 145.763359 0.329226 100.329226
00:00:39.608 -1.611073 152.087343 0.167524 100.167524
00:00:39.693 -1.611073 156.747121 0.040276 100.040276
00:00:39.796 -1.611073 162.960158 -0.120607 99.879393
00:00:39.908 -1.165797 169.062248 -0.269510 99.730490
00:00:39.989 -1.165797 173.943920 -0.373243 99.626757
00:00:40.096 -0.720522 179.824116 -0.494687 99.505313
00:00:40.204 -0.386565 186.037153 -0.608243 99.391757
00:00:40.292 0.058710 190.585983 -0.696572 99.303428
00:00:40.408 0.503985 197.020915 -0.829104 99.170896
00:00:40.492 1.394536 201.680692 -0.933879 99.066121
00:00:40.600 1.728493 207.560888 -1.083972 98.916028
00:00:40.708 2.619043 213.441084 -1.247162 98.752838
00:00:40.796 3.064319 218.544650 -1.392120 98.607880
00:00:40.908 3.843551 224.535793 -1.565431 98.434569
00:00:40.992 4.734101 228.973677 -1.696846 98.303154
00:00:41.100 5.624652 234.853872 -1.861896 98.138104
00:00:41.208 6.849159 240.623121 -2.018091 97.981909
00:00:41.297 7.739710 245.615740 -2.142214 97.857786
00:00:41.404 8.964218 251.384989 -2.278838 97.721162
00:00:41.508 9.854768 256.710449 -2.393511 97.606489
00:00:41.596 11.079276 261.481174 -2.487495 97.512505
00:00:41.704 12.415102 267.250423 -2.582522 97.417478
00:00:41.792 13.639609 271.466412 -2.642500 97.357500
00:00:41.904 14.975435 277.013766 -2.702924 97.297076
00:00:42.016 16.645218 282.672068 -2.743257 97.256743
00:00:42.104 18.315001 287.109952 -2.763274 97.236726
00:00:42.197 19.650827 291.769729 -2.772278 97.227722
00:00:42.309 21.765885 297.538978 -2.770269 97.229731
00:00:42.408 23.435667 302.420650 -2.758363 97.241637
00:00:42.505 25.550725 306.858534 -2.740206 97.259794
00:00:42.605 27.220508 311.518311 -2.712449 97.287551
00:00:42.704 29.335566 316.178089 -2.674944 97.325056
00:00:42.801 31.895900 320.837867 -2.625831 97.374169
00:00:42.904 34.010958 325.275751 -2.562803 97.437197
00:00:43.001 36.126016 329.713634 -2.484221 97.515779
00:00:43.105 38.686349 334.151518 -2.388748 97.611252
00:00:43.205 41.246683 339.033190 -2.265369 97.734631
00:00:43.313 43.807016 343.249179 -2.132540 97.867460
00:00:43.416 46.812625 347.465169 -1.981257 98.018743
00:00:43.513 49.372958 351.459264 -1.811518 98.188482
00:00:43.593 51.488016 354.898624 -1.655695 98.344305
00:00:43.704 54.827582 359.558401 -1.415561 98.584439
00:00:43.804 57.833190 363.552497 -1.190310 98.809690
00:00:43.900 60.393524 366.880909 -0.970788 99.029212
00:00:44.004 63.399133 370.764057 -0.719120 99.280880
00:00:44.108 66.738698 374.758153 -0.432774 99.567226
00:00:44.204 69.744307 377.864671 -0.179692 99.820308
00:00:44.304 73.083872 381.525925 0.108514 100.108514
00:00:44.404 76.089481 384.854338 0.411304 100.411304
00:00:44.501 79.429046 388.293698 0.729052 100.729052
00:00:44.601 82.879931 391.511163 1.061758 101.061758
00:00:44.697 86.330815 394.617682 1.409420 101.409420
00:00:44.797 89.670380 397.613253 1.741084 101.741084
00:00:44.896 93.121264 400.608825 2.116428 102.116428
00:00:45.000 96.906105 403.715343 2.538133 102.538133
00:00:45.101 100.245670 406.710915 2.940043 102.940043
00:00:45.201 104.141830 409.484592 3.353190 103.353190
00:00:45.305 107.481395 412.147322 3.776829 103.776829
00:00:45.405 111.711511 415.142893 4.246680 104.246680
00:00:45.505 115.162396 417.694676 4.652236 104.652236
00:00:45.605 118.501961 420.246460 5.101772 105.101772
00:00:45.712 122.843396 422.798243 5.595806 105.595806
00:00:45.813 126.628237 425.350026 6.056653 106.056653
00:00:45.909 129.967802 427.458020 6.482450 106.482450
00:00:46.021 134.309237 430.009803 6.989210 106.989210
00:00:46.113 137.648802 432.117798 7.419993 107.419993
00:00:46.213 141.878918 434.447687 7.929729 107.929729
00:00:46.297 144.884527 436.111893 8.321370 108.321370
00:00:46.400 149.114643 438.441782 8.828651 108.828651
00:00:46.497 152.899484 440.549777 9.293144 109.293144
00:00:46.613 157.240919 442.657772 9.790006 109.790006
00:00:46.708 161.025760 444.543872 10.240658 110.240658
00:00:46.804 164.810601 446.429973 10.645991 110.645991
00:00:46.900 168.706760 448.205126 11.078932 111.078932
00:00:46.996 172.491601 450.091227 11.501232 111.501232
00:00:47.092 176.276442 451.755433 11.878139 111.878139
00:00:47.208 180.951833 453.641534 12.342185 112.342185
00:00:47.305 184.402717 455.416687 12.693197 112.693197
00:00:47.404 188.632833 457.080893 13.061397 113.061397
00:00:47.500 192.417674 458.523206 13.413376 113.413376
00:00:47.596 196.313834 460.076465 13.721301 113.721301
00:00:47.712 200.989225 461.962565 14.092479 114.092479
00:00:47.808 204.774066 463.404877 14.391251 114.391251
00:00:47.904 208.558907 464.847190 14.648798 114.648798
00:00:48.008 212.789023 466.400449 14.932167 114.932167
00:00:48.104 216.685182 467.842761 15.153623 115.153623
00:00:48.200 220.915298 469.285073 15.375600 115.375600
00:00:48.292 224.700139 470.616438 15.560891 115.560891
00:00:48.408 229.375531 472.058751 15.771409 115.771409
00:00:48.504 233.160371 473.390116 15.916814 115.916814
00:00:48.600 236.611256 474.610534 16.044806 116.044806
00:00:48.692 240.841372 475.941899 16.164464 116.164464
00:00:48.792 245.071488 477.162317 16.263435 116.263435
00:00:48.912 249.746879 478.604629 16.352657 116.352657
00:00:48.992 253.197764 479.492206 16.395371 116.395371
00:00:49.088 257.427880 480.712624 16.437043 116.437043
00:00:49.192 259.097662 481.378306 16.446791 116.446791
00:00:49.308 266.333387 483.264407 16.451330 116.451330
00:00:49.404 270.118228 484.373877 16.431015 116.431015
00:00:49.500 274.348344 485.372401 16.391873 116.391873
00:00:49.597 278.689779 486.481872 16.335616 116.335616
00:00:49.693 282.474620 487.480396 16.269462 116.269462
00:00:49.792 286.704736 488.367973 16.182397 116.182397
00:00:49.892 290.934852 489.477444 16.080525 116.080525
00:00:50.004 296.055519 490.697862 15.944421 115.944421
00:00:50.104 299.840360 491.585438 15.825582 115.825582
00:00:50.201 304.070476 492.362068 15.685237 115.685237
00:00:50.293 307.966635 493.249645 15.547943 115.547943
00:00:50.389 312.196751 494.359116 15.389962 115.389962
00:00:50.501 316.872143 495.135745 15.210699 115.210699
00:00:50.596 321.547534 496.023322 15.038728 115.038728
00:00:50.712 326.222926 496.799952 14.846144 114.846144
00:00:50.805 330.453042 497.687528 14.663606 114.663606
00:00:50.905 334.683158 498.353211 14.477422 114.477422
00:00:51.005 338.467999 498.907946 14.304410 114.304410
00:00:51.105 343.143390 499.795523 14.114207 114.114207
00:00:51.201 347.484825 500.461206 13.923187 113.923187
00:00:51.296 351.269666 501.126888 13.748239 113.748239
00:00:51.392 355.945057 501.681624 13.558335 113.558335
00:00:51.509 361.065724 502.347306 13.338962 113.338962
00:00:51.604 365.295840 503.012989 13.153671 113.153671
00:00:51.700 369.525957 503.456777 12.986686 112.986686
00:00:51.792 372.865522 503.789618 12.838155 112.838155
00:00:51.892 377.986189 504.455301 12.651525 112.651525
00:00:51.996 382.661580 505.120983 12.473526 112.473526
00:00:52.097 387.336972 505.564772 12.317480 112.317480
00:00:52.196 391.567088 505.897613 12.170289 112.170289
00:00:52.296 396.242479 506.341401 12.032921 112.032921
00:00:52.404 400.472595 506.785190 11.906714 111.906714
00:00:52.500 405.147987 507.228978 11.792265 111.792265
00:00:52.596 409.489422 507.450872 11.689723 111.689723
00:00:52.700 414.498770 507.894661 11.592315 111.592315
00:00:52.804 418.728886 508.116555 11.514850 111.514850
00:00:52.908 423.404278 508.227502 11.448324 111.448324
00:00:53.004 428.079669 508.449396 11.392513 111.392513
00:00:53.105 432.421104 508.671290 11.347642 111.347642
00:00:53.196 436.651220 508.671290 11.316313 111.316313
00:00:53.297 441.326612 508.893184 11.292873 111.292873
00:00:53.405 446.002003 508.893184 11.279776 111.279776
00:00:53.505 450.677395 508.893184 11.278436 111.278436
00:00:53.608 454.907511 509.115079 11.287068 111.287068
00:00:53.692 458.692351 509.115079 11.302026 111.302026
00:00:53.792 463.367743 509.115079 11.329931 111.329931
00:00:53.896 468.043134 509.115079 11.372793 111.372793
00:00:54.008 473.163801 508.893184 11.428455 111.428455
00:00:54.108 477.839193 508.893184 11.490517 111.490517
00:00:54.208 482.069309 508.671290 11.562698 111.562698
00:00:54.289 485.854150 508.671290 11.631010 111.631010
00:00:54.392 490.529541 508.449396 11.722837 111.722837
00:00:54.493 495.204933 508.116555 11.833714 111.833714
00:00:54.600 499.880324 507.894661 11.944517 111.944517
00:00:54.700 504.110440 507.672766 12.061347 112.061347
00:00:54.804 509.231107 507.228978 12.193729 112.193729
00:00:54.904 513.461223 506.785190 12.320829 112.320829
00:00:55.000 517.691339 506.563295 12.441156 112.441156
00:00:55.100 522.812006 505.897613 12.587603 112.587603
00:00:55.204 527.042122 505.564772 12.726385 112.726385
00:00:55.305 531.717514 505.120983 12.867921 112.867921
00:00:55.404 535.947630 504.677195 13.011465 113.011465
00:00:55.504 540.623021 504.011512 13.156647 113.156647
00:00:55.605 544.853137 503.456777 13.303169 113.303169
00:00:55.705 549.528529 502.791094 13.450955 113.450955
00:00:55.808 553.869964 502.125412 13.599783 113.599783
00:00:55.892 557.654805 501.681624 13.724427 113.724427
00:00:56.008 562.775472 500.904994 13.899895 113.899895
00:00:56.108 567.450863 500.017417 14.050881 114.050881
00:00:56.192 571.235704 499.351735 14.189068 114.189068
00:00:56.297 575.465820 498.575105 14.338938 114.338938
00:00:56.404 580.586487 497.687528 14.499375 114.499375
00:00:56.505 584.816603 496.799952 14.644929 114.644929
00:00:56.604 589.046719 495.801428 14.787431 114.787431
00:00:56.696 593.276835 494.913851 14.914754 114.914754
00:00:56.796 597.506951 493.915327 15.049518 115.049518
00:00:56.892 601.848386 492.805856 15.179743 115.179743
00:00:56.989 606.078502 492.029227 15.294787 115.294787
00:00:57.101 610.753894 490.697862 15.425086 115.425086
00:00:57.200 614.984010 489.699338 15.539832 115.539832
00:00:57.316 619.659401 488.367973 15.658151 115.658151
00:00:57.400 622.998967 487.480396 15.736732 115.736732
00:00:57.508 627.674358 486.038084 15.845525 115.845525
00:00:57.596 631.125242 485.039560 15.925892 115.925892
00:00:57.704 636.245909 483.486301 16.033644 116.033644
00:00:57.804 640.476025 482.265883 16.121973 116.121973
00:00:57.920 645.151417 480.712624 16.213354 116.213354
00:00:58.000 648.490982 479.492206 16.280550 116.280550
00:00:58.124 653.611649 477.606105 16.376321 116.376321
00:00:58.208 657.396490 476.274740 16.437043 116.437043
00:00:58.300 660.847374 475.054322 16.495606 116.495606
00:00:58.412 665.968041 473.168221 16.579173 116.579173
00:00:58.532 670.643432 471.282121 16.646518 116.646518
00:00:58.600 674.428273 469.728862 16.699575 116.699575
00:00:58.692 677.767838 468.286549 16.744745 116.744745
00:00:58.816 682.443230 466.400449 16.803606 116.803606
00:00:58.924 687.118621 464.292454 16.853315 116.853315
00:00:59.000 690.569506 462.739195 16.888364 116.888364
00:00:59.116 695.244897 460.631200 16.933682 116.933682
00:00:59.196 697.805231 459.410782 16.958015 116.958015
00:00:59.309 702.480622 457.080893 16.998571 116.998571
00:00:59.408 707.156014 454.751004 17.037415 117.037415
00:00:59.496 710.050303 453.308692 17.061600 117.061600
00:00:59.612 714.725695 450.756909 17.097914 117.097914
00:00:59.692 718.176579 448.981756 17.123140 117.123140
00:00:59.808 722.406695 446.651867 17.155064 117.155064
00:00:59.916 727.082087 443.989137 17.189443 117.189443
00:01:00.024 730.866927 441.881142 17.219432 117.219432
00:01:00.104 733.872536 440.105989 17.242426 117.242426
00:01:00.204 737.657377 437.776100 17.274275 117.274275
00:01:00.292 741.887493 434.891475 17.313863 117.313863
00:01:00.400 745.338377 432.672534 17.346457 117.346457
00:01:00.500 749.123218 430.231698 17.382994 117.382994
00:01:00.596 752.574102 427.901809 17.417225 117.417225
00:01:00.716 756.804218 424.906237 17.462171 117.462171
00:01:00.824 761.034334 422.132560 17.506298 117.506298
00:01:00.904 764.039943 420.024565 17.542166 117.542166
00:01:01.012 768.270059 416.807100 17.596488 117.596488
00:01:01.096 770.830393 414.699105 17.634588 117.634588
00:01:01.204 774.615234 411.814481 17.693822 117.693822
00:01:01.324 778.845350 408.597015 17.762655 117.762655
00:01:01.400 781.405683 406.489020 17.809089 117.809089
00:01:01.517 785.301843 403.271555 17.878443 117.878443
00:01:01.604 788.641408 400.608825 17.940206 117.940206
00:01:01.692 791.201741 398.057042 17.999514 117.999514
00:01:01.816 795.877133 394.173893 18.100048 118.100048
00:01:01.888 798.437466 391.844005 18.159281 118.159281
00:01:01.996 802.222307 388.515592 18.247313 118.247313
00:01:02.112 806.007148 384.854338 18.346135 118.346135
00:01:02.196 808.233525 382.524449 18.411768 118.411768
00:01:02.304 812.018366 378.752248 18.516618 118.516618
00:01:02.420 815.803206 375.423835 18.618119 118.618119
00:01:02.504 818.363540 372.650158 18.699304 118.699304
00:01:02.620 822.148380 368.656063 18.826031 118.826031
00:01:02.700 824.708714 366.104280 18.905655 118.905655
00:01:02.796 827.714323 362.664920 19.016011 119.016011
00:01:02.920 831.499163 358.448930 19.159183 119.159183
00:01:02.992 833.614221 355.897147 19.246248 119.246248
00:01:03.116 837.065106 351.681158 19.382053 119.382053
00:01:03.212 840.404671 348.130851 19.509376 119.509376
00:01:03.312 842.965004 344.691491 19.618764 119.618764
00:01:03.392 844.746106 342.361602 19.699578 119.699578
00:01:03.512 848.976222 337.258036 19.874972 119.874972
00:01:03.596 850.646005 334.706253 19.959135 119.959135
00:01:03.712 854.430845 330.268370 20.118529 120.118529
00:01:03.792 856.211947 327.605639 20.215044 120.215044
00:01:03.900 859.996788 322.502073 20.388280 120.388280
00:01:04.020 862.557121 319.062714 20.508608 120.508608
00:01:04.121 865.117455 315.068618 20.651781 120.651781
00:01:04.205 868.011745 311.296417 20.784684 120.784684
00:01:04.329 870.126803 308.078952 20.896380 120.896380
00:01:04.408 872.687136 304.306751 21.032111 121.032111
00:01:04.492 875.247469 300.201708 21.169181 121.169181
00:01:04.808 875.692745 299.425079 21.203710 121.203710
00:01:04.916 885.043528 283.781539 21.744997 121.744997
00:01:04.993 886.713311 281.229756 21.833550 121.833550
00:01:05.092 889.273644 276.791872 21.977244 121.977244
00:01:05.204 891.388702 272.353989 22.126295 122.126295
00:01:05.344 893.058485 269.580311 22.220801 122.220801
00:01:05.408 895.284862 265.142428 22.376475 122.376475
00:01:05.584 896.954644 262.368751 22.472469 122.472469
00:01:05.632 900.739485 255.157190 22.720119 122.720119
00:01:05.672 902.409268 251.384989 22.844689 122.844689
00:01:06.104 903.745094 248.389417 22.933167 122.933167
00:01:06.216 912.650601 229.972200 23.472073 123.472073
00:01:06.308 913.875109 226.421893 23.561668 123.561668
00:01:06.392 915.656210 222.427798 23.657290 123.657290
00:01:06.504 917.771268 217.324232 23.783571 123.783571
00:01:06.628 919.886326 212.220666 23.916995 123.916995
00:01:06.725 922.001384 208.004677 24.034346 124.034346
00:01:06.800 923.225892 204.565317 24.122676 124.122676
00:01:06.912 925.006993 199.572698 24.258705 124.258705
00:01:07.000 926.231501 196.133338 24.344578 124.344578
00:01:07.116 928.346559 190.475036 24.483510 124.483510
00:01:07.224 930.016341 185.593364 24.599223 124.599223
00:01:07.265 931.352167 181.932110 24.685097 124.685097
00:01:07.416 933.021950 176.717597 24.801183 124.801183
00:01:07.496 933.912501 173.056343 24.873514 124.873514
00:01:07.612 935.582283 167.730883 24.981860 124.981860
00:01:07.728 937.252066 162.960158 25.078376 125.078376
00:01:07.820 938.142617 159.077010 25.150036 125.150036
00:01:07.896 939.367124 154.861021 25.226162 125.226162
00:01:08.008 941.148226 149.424613 25.319552 125.319552
00:01:08.092 941.927458 145.985253 25.377594 125.377594
00:01:08.216 943.263284 140.105058 25.469868 125.469868
00:01:08.292 944.487791 136.221909 25.528060 125.528060
00:01:08.417 945.712298 130.785502 25.605153 125.605153
00:01:08.489 946.157574 127.124248 25.652480 125.652480
00:01:08.592 947.493400 121.687841 25.723248 125.723248
00:01:09.205 948.717907 116.362380 25.787021 125.787021
00:01:09.352 952.948023 91.177391 26.076045 126.076045
00:01:09.432 954.283849 83.965830 26.152394 126.152394
00:01:09.500 955.063081 77.863740 26.251513 126.251513
00:01:09.604 955.508357 72.538280 26.386723 126.386723
00:01:09.768 955.953632 67.656608 26.543365 126.543365
00:01:09.769 956.398908 63.440618 26.686687 126.686687
00:01:10.100 956.844183 58.115158 26.878154 126.878154
00:01:10.260 957.623415 44.579613 27.332526 127.332526
00:01:10.312 958.068690 37.811841 27.516924 127.516924
00:01:10.396 958.068690 33.373957 27.635094 127.635094
00:01:10.500 958.068690 28.381338 27.764053 127.764053
00:01:10.604 958.513966 23.055878 27.904919 127.904919
00:01:11.005 958.513966 20.947883 27.958795 127.958795
00:01:11.132 958.513966 2.086878 28.402005 128.402005
00:01:11.288 958.513966 -4.680895 28.534834 128.534834
00:01:11.340 958.068690 -12.114350 28.686564 128.686564
00:01:11.432 958.068690 -16.330339 28.777647 128.777647
00:01:11.581 957.623415 -21.433905 28.892394 128.892394
00:01:11.582 957.178139 -27.314101 29.031474 129.031474
00:01:11.697 957.178139 -31.973879 29.143839 129.143839
00:01:11.801 957.178139 -32.861456 29.164526 129.164526
00:01:11.932 956.398908 -40.073016 29.342301 129.342301
00:01:12.008 955.508357 -47.617419 29.533545 129.533545
00:01:12.100 955.063081 -52.277196 29.650450 129.650450
00:01:12.229 955.063081 -53.608561 29.682076 129.682076
00:01:12.348 953.838574 -61.596752 29.878678 129.878678
00:01:12.416 952.948023 -67.920736 30.025050 130.025050
00:01:12.552 952.168791 -73.024302 30.135183 130.135183
00:01:12.625 951.278241 -78.127868 30.238916 130.238916
00:01:12.708 950.387690 -83.231434 30.335803 130.335803
00:01:12.804 949.608458 -87.447424 30.411408 130.411408
00:01:12.888 948.717907 -92.550990 30.494975 130.494975
00:01:12.996 947.938675 -97.543609 30.570059 130.570059
00:01:13.113 946.602849 -103.534752 30.646556 130.646556
00:01:13.493 945.712298 -107.306953 30.689419 130.689419
00:01:13.669 940.257675 -128.941635 30.878207 130.878207
00:01:14.036 938.921849 -133.379519 30.911917 130.911917
00:01:14.100 932.576675 -153.904731 31.205183 131.205183
00:01:14.208 930.906892 -159.341138 31.332803 131.332803
00:01:14.308 928.791834 -164.444704 31.473743 131.473743
00:01:14.397 927.122051 -168.438799 31.610963 131.610963
00:01:14.524 925.786225 -172.321948 31.746396 131.746396
00:01:14.592 923.225892 -178.424038 31.986456 131.986456
00:01:14.700 920.665558 -183.971392 32.197271 132.197271
00:01:14.804 918.550500 -189.185905 32.402431 132.402431
00:01:15.084 916.435442 -193.180000 32.553194 132.553194
00:01:15.188 911.314775 -203.830921 32.911348 132.911348
00:01:15.248 909.199717 -208.268805 33.049238 133.049238
00:01:15.263 906.750703 -213.150477 33.198587 133.198587
00:01:15.408 903.745094 -218.364990 33.368548 133.368548
00:01:15.500 901.630036 -222.470032 33.503610 133.503610
00:01:15.605 898.624427 -228.128334 33.691431 133.691431
00:01:15.849 897.399920 -230.014434 33.756990 133.756990
00:01:16.028 891.388702 -240.665355 34.077194 134.077194
00:01:16.096 885.043528 -251.427223 34.378422 134.378422
00:01:16.197 881.592644 -256.530789 34.532533 134.532533
00:01:16.292 879.143629 -260.746778 34.676748 134.676748
00:01:16.392 876.138020 -265.628450 34.848570 134.848570
00:01:16.588 872.353180 -270.842963 35.064668 135.064668
00:01:16.672 869.347571 -275.502741 35.258889 135.258889
00:01:16.673 866.341962 -279.385889 35.423493 135.423493
00:01:16.804 863.002397 -284.489455 35.639814 135.639814
00:01:16.892 859.996788 -288.483551 35.825998 135.825998
00:01:17.080 856.991179 -292.255752 35.995142 135.995142
00:01:17.084 852.315787 -297.803106 36.240931 136.240931
00:01:17.204 848.530947 -302.684778 36.440435 136.440435
00:01:17.292 845.525338 -306.235085 36.582418 136.582418
00:01:17.392 841.295222 -310.894863 36.748361 136.748361
00:01:17.500 837.510381 -315.110852 36.882827 136.882827
00:01:17.600 833.614221 -319.548736 37.002038 137.002038
00:01:17.744 830.719931 -323.209990 37.092005 137.092005
00:01:17.840 826.489815 -327.869768 37.199236 137.199236
00:01:17.904 822.148380 -332.307651 37.296941 137.296941
00:01:17.992 818.363540 -336.301746 37.373811 137.373811
00:01:18.092 814.133424 -340.739630 37.458643 137.458643
00:01:18.196 809.903307 -344.955619 37.528815 137.528815
00:01:18.305 805.673191 -349.393503 37.594597 137.594597
00:01:18.409 801.331756 -353.387598 37.646687 137.646687
00:01:18.500 797.546916 -357.270746 37.689624 137.689624
00:01:18.600 792.871524 -361.708630 37.737993 137.737993
00:01:19.069 789.531959 -364.593254 37.772150 137.772150
00:01:19.196 770.830393 -380.458688 37.985867 137.985867
00:01:19.320 761.034334 -388.114037 38.093916 138.093916
00:01:19.392 757.249494 -391.109609 38.185520 138.185520
00:01:19.504 750.904320 -395.325598 38.434137 138.434137
00:01:19.592 747.008160 -398.321170 38.659686 138.659686
00:01:19.700 741.553537 -401.649582 38.991350 138.991350
00:01:19.824 736.878145 -404.645154 39.285136 139.285136
00:01:19.909 730.421652 -408.417355 39.654528 139.654528
00:01:20.012 725.746261 -411.412926 39.932836 139.932836
00:01:20.092 720.736913 -414.408498 40.222605 140.222605
00:01:20.221 716.506796 -416.960281 40.453288 140.453288
00:01:20.308 713.055912 -418.846381 40.609335 140.609335
00:01:20.404 705.040955 -423.506159 41.013180 141.013180
00:01:20.500 699.475013 -426.390783 41.256514 141.256514
00:01:20.604 693.575114 -429.608249 41.511010 141.511010
00:01:20.692 689.233679 -431.938138 41.699947 141.699947
00:01:20.812 685.448839 -433.824238 41.846319 141.846319
00:01:20.892 678.213114 -437.485492 42.125298 142.125298
00:01:21.004 671.867940 -440.813905 42.353675 142.353675
00:01:21.108 666.301997 -443.365688 42.538445 142.538445
00:01:21.196 661.292649 -445.917471 42.699402 142.699402
00:01:21.300 655.726707 -448.469254 42.866685 142.866685
00:01:21.405 649.826808 -451.242932 43.038581 143.038581
00:01:21.512 644.260866 -453.461873 43.176099 143.176099
00:01:21.592 639.140199 -455.680815 43.306100 143.306100
00:01:21.712 637.915692 -456.235551 43.340182 143.340182
00:01:21.800 627.229083 -460.451540 43.570791 143.570791
00:01:21.892 621.774459 -462.448588 43.671399 143.671399
00:01:21.992 616.208517 -464.778477 43.768881 143.768881
00:01:22.093 610.308618 -466.886471 43.853118 143.853118
00:01:22.204 603.518169 -469.216360 43.934080 143.934080
00:01:22.308 597.506951 -471.102461 43.988849 143.988849
00:01:22.392 592.052328 -472.766667 44.028512 144.028512
00:01:22.500 586.041110 -474.652768 44.062519 144.062519
00:01:22.600 579.250661 -476.538868 44.090127 144.090127
00:01:22.704 573.350762 -478.314022 44.107539 144.107539
00:01:22.792 568.230095 -479.534439 44.116469 144.116469
00:01:22.900 564.445254 -480.643910 44.120339 144.120339
00:01:23.000 555.539747 -482.751905 44.119892 144.119892
00:01:23.104 549.194572 -484.416111 44.111930 144.111930
00:01:23.196 543.183355 -485.636529 44.100842 144.100842
00:01:23.300 537.283456 -486.967895 44.085290 144.085290
00:01:23.392 531.272238 -487.966418 44.068993 144.068993
00:01:23.616 527.487398 -488.853995 44.056194 144.056194
00:01:23.708 511.791440 -491.405778 44.004922 144.004922
00:01:23.792 505.780223 -492.293355 43.982896 143.982896
00:01:24.108 499.435049 -493.069984 43.963623 143.963623
00:01:24.204 480.733483 -494.956085 43.988105 143.988105
00:01:24.301 474.388309 -495.399873 44.003062 144.003062
00:01:24.505 467.597859 -495.843662 44.033200 144.033200
00:01:24.692 455.352786 -496.287450 44.181805 144.181805
00:01:24.804 442.551119 -496.287450 44.430943 144.430943
00:01:24.892 436.985177 -496.065556 44.582599 144.582599
00:01:24.996 430.194727 -495.843662 44.812910 144.812910
00:01:25.100 423.849553 -495.399873 45.074476 145.074476
00:01:25.220 417.059103 -494.956085 45.394010 145.394010
00:01:25.304 410.713929 -494.623244 45.707219 145.707219
00:01:25.408 404.368755 -493.957561 46.026827 146.026827
00:01:25.513 398.802813 -493.291879 46.320539 146.320539
00:01:25.612 392.457639 -492.626196 46.638436 146.638436
00:01:25.720 386.557740 -491.849566 46.951347 146.951347
00:01:25.812 379.655971 -490.961990 47.284350 147.284350
00:01:25.908 373.756073 -490.074413 47.586397 147.586397
00:01:26.008 367.410898 -489.075889 47.883756 147.883756
00:01:26.100 361.844956 -488.188313 48.152390 148.152390
00:01:26.248 357.169565 -487.411683 48.369233 148.369233
00:01:26.296 349.599883 -485.858424 48.723369 148.723369
00:01:26.408 344.033941 -484.859900 48.976377 148.976377
00:01:26.493 338.134042 -483.528535 49.246798 149.246798
00:01:26.668 333.458651 -482.751905 49.445409 149.445409
00:01:26.712 326.222926 -480.976752 49.765762 149.765762
00:01:26.792 319.877752 -479.534439 50.030378 150.030378
00:01:26.952 318.541926 -479.312545 50.070115 150.070115
00:01:27.048 309.191143 -476.760762 50.440772 150.440772
00:01:27.100 303.291244 -475.318450 50.667883 150.667883
00:01:27.192 296.500794 -473.432350 50.926621 150.926621
00:01:27.300 290.155620 -471.546249 51.161248 151.161248
00:01:27.412 283.699127 -469.549201 51.385979 151.385979
00:01:27.501 278.689779 -468.106889 51.564424 151.564424
00:01:27.633 272.233286 -465.998895 51.759538 151.759538
00:01:27.724 267.557895 -464.334688 51.898320 151.898320
00:01:27.812 261.212720 -462.226693 52.064933 152.064933
00:01:27.908 255.312822 -460.118699 52.218077 152.218077
00:01:28.004 249.301604 -458.010704 52.348971 152.348971
00:01:28.092 244.626212 -456.013656 52.449728 152.449728
00:01:28.192 239.171589 -453.905662 52.559563 152.559563
00:01:28.304 233.605647 -451.575773 52.656302 152.656302
00:01:28.392 228.151023 -449.245884 52.739050 152.739050
00:01:28.512 223.030357 -447.137889 52.802525 152.802525
00:01:28.608 216.239907 -444.253265 52.871581 152.871581
00:01:28.704 211.564515 -441.923376 52.910500 152.910500
00:01:28.808 205.553298 -439.149699 52.945847 152.945847
00:01:28.908 200.098674 -436.376022 52.970106 152.970106
00:01:28.992 195.868558 -434.268027 52.984765 152.984765
00:01:29.100 190.302616 -431.272455 52.996671 152.996671
00:01:29.204 184.402717 -428.387831 53.001136 153.001136
00:01:29.308 179.282050 -425.392260 52.998234 152.998234
00:01:29.412 174.161384 -422.618582 52.988486 152.988486
00:01:29.492 169.931267 -420.066799 52.975910 152.975910
00:01:29.596 164.365325 -416.960281 52.955000 152.955000
00:01:29.696 159.355977 -413.964709 52.932452 152.932452
00:01:29.800 154.680586 -410.747244 52.906481 152.906481
00:01:29.900 149.114643 -407.418831 52.873516 152.873516
00:01:30.004 144.439252 -404.201365 52.838988 152.838988
00:01:30.096 140.209136 -401.205794 52.804534 152.804534
00:01:30.208 135.088469 -397.655487 52.761300 152.761300
00:01:30.692 131.303628 -394.659916 52.727069 152.727069
00:01:30.800 109.262497 -377.795958 52.554577 152.554577
00:01:30.892 104.587105 -373.579969 52.528086 152.528086
00:01:31.000 99.911714 -369.474926 52.562168 152.562168
00:01:31.108 95.236322 -365.480831 52.708689 152.708689
00:01:31.204 91.340163 -361.708630 52.934312 152.934312
00:01:31.292 88.000597 -358.491164 53.170577 153.170577
00:01:31.396 84.104438 -354.275175 53.511319 153.511319
00:01:31.508 79.874322 -350.059186 53.864042 153.864042
00:01:31.592 76.980032 -346.619826 54.131486 154.131486
00:01:31.712 72.638597 -341.960048 54.490385 154.490385
00:01:31.820 70.523539 -340.073947 54.638022 154.638022
00:01:31.892 65.848147 -334.748487 55.015302 155.015302
00:01:32.000 62.063307 -330.310604 55.308270 155.308270
00:01:32.096 58.723741 -326.316508 55.572291 155.572291
00:01:32.192 55.718132 -322.544307 55.809448 155.809448
00:01:32.292 52.267248 -318.550212 56.061861 156.061861
00:01:32.412 48.037132 -313.890434 56.346941 156.346941
00:01:32.504 45.142842 -310.007286 56.562519 156.562519
00:01:32.596 42.137233 -306.235085 56.769762 156.769762
00:01:32.725 40.801407 -304.127090 56.879300 156.879300
00:01:32.820 37.016566 -299.689207 57.108197 157.108197
00:01:32.892 32.786450 -293.919958 57.372814 157.372814
00:01:32.992 29.335566 -289.482075 57.574401 157.574401
00:01:33.108 25.996001 -284.489455 57.778296 157.778296
00:01:33.200 23.435667 -280.606307 57.927050 157.927050
00:01:33.296 20.430059 -276.612212 58.063599 158.063599
00:01:33.392 17.535769 -272.396223 58.198065 158.198065
00:01:33.500 14.530160 -267.736445 58.326876 158.326876
00:01:33.596 11.524551 -263.520455 58.429717 158.429717
00:01:33.708 8.518942 -258.860678 58.523404 158.523404
00:01:33.800 6.069928 -254.755635 58.588293 158.588293
00:01:33.892 3.843551 -250.761540 58.640160 158.640160
00:01:34.000 0.949261 -245.879868 58.685329 158.685329
00:01:34.092 -1.611073 -241.885773 58.710257 158.710257
00:01:34.200 -4.171406 -237.225995 58.723727 158.723727
00:01:34.292 -6.286464 -233.010006 58.721866 158.721866
00:01:34.409 -9.292073 -227.906440 58.702593 158.702593
00:01:34.504 -11.407131 -223.912344 58.674911 158.674911
00:01:34.608 -13.967465 -219.030672 58.629072 158.629072
00:01:34.700 -16.082523 -214.814683 58.580405 158.580405
00:01:34.804 -17.752305 -211.819112 58.539998 158.539998
00:01:34.908 -20.757914 -205.495127 58.441325 158.441325
00:01:34.996 -22.427697 -201.279138 58.368399 158.368399
00:01:35.105 -24.988030 -196.397466 58.273149 158.273149
