      0.00       0.00     100.00 
      2.23     -22.85      96.27 
      8.91     -43.38      91.32 
     20.02     -61.54      82.59 
     35.56     -77.33      72.59 
     55.53     -90.75      63.33 
     79.78    -101.57      57.30 
    107.67    -109.02      53.61 
    137.42    -112.04      49.69 
    167.27    -110.06      45.69 
    196.54    -103.44      41.70 
    225.39     -94.69      37.70 
    254.23     -85.94      33.70 
    283.08     -77.19      29.70 
    311.93     -68.44      25.71 
    340.77     -59.69      21.71 
    369.62     -50.94      17.71 
    398.47     -42.18      13.71 
    427.31     -33.43       9.72 
