      0.00       0.00     100.00 
     -1.13     -24.25      94.25 
     -5.76     -48.29      88.75 
    -14.99     -70.97      83.25 
    -28.47     -91.42      77.75 
    -43.96    -110.53      72.09 
    -60.95    -128.07      66.05 
    -80.64    -141.83      59.69 
   -102.82    -151.25      53.22 
   -126.32    -158.53      46.72 
   -148.49    -167.85      40.22 
   -170.66    -177.17      33.72 
   -193.11    -186.73      27.22 
   -213.07    -200.60      20.72 
   -230.18    -218.01      14.22 
