      0.00       0.00     100.00 
      2.22     -22.82      92.50 
      8.86     -43.26      82.50 
     19.94     -61.34      72.50 
     35.45     -77.05      62.91 
     55.39     -90.40      56.24 
     79.62    -101.16      52.07 
    107.52    -108.60      48.91 
    137.27    -111.59      46.69 
    167.11    -109.58      44.39 
    196.38    -102.95      41.47 
    225.23     -94.20      37.70 
    254.07     -85.45      33.70 
    282.92     -76.70      29.70 
    311.77     -67.95      25.71 
    340.62     -59.20      21.71 
    369.46     -50.45      17.71 
    398.31     -41.70      13.71 
    427.16     -32.95       9.72 
