0 0 0
50 1576.544346 50
-75.71227143 4646.8522 116
-75.71227143 4646.8522 116
-106.9622714 4915.6022 116
-188.6586214 5137.4772 116
-305.1763212 5328.1022 116
-452.944021 5489.709653 116
-616.3367209 5637.924559 116
-779.7294207 5786.139466 116
-943.1221205 5939.405053 116
-1090.88982 6113.34632 116
-1207.40752 6318.537588 116
-1292.67522 6554.978855 116
-1346.69292 6822.670123 116
-1369.46062 7105.986391 116
-1374.433691 7389.302658 116
-1377.237135 7672.618926 116
-1380.040578 7955.935193 116
-1382.844021 8239.251461 116
-1385.647465 8522.567729 116
-1388.450908 8805.883996 116
-1391.254352 9089.200264 116
-1394.057795 9372.516531 116
-1394.06 9372.52 116
-1334.36 9671.445 116
-1155.069481 9985.995 116
-871.8134441 10284.92 116
-510.4324069 10543.35317 116
-86.55136961 10745.66951 116
384.2046676 10869.86085 116
886.2107049 10884.67719 116
1403.841742 10774.49354 116
1921.472779 10523.68488 116
2439.103817 10131.88075 116
2956.734854 9630.331164 116
3484.33731 9066.281575 116
4037.536184 8486.606986 116
4637.312328 7938.182396 116
5283.665739 7467.882807 116
5961.26915 7096.553068 116
6654.497562 6839.818179 116
7337.128845 6708.083291 116
8009.163 6670.098402 116
8681.197155 6678.988514 116
8681.2 6678.99 116
9349.92771 6656.615 116
9999.758131 6540.49 116
10618.33855 6330.615 116
11190.04397 6036.297703 116
11699.24939 5673.16311 116
12130.32982 5247.528517 116
12467.66024 4759.393923 116
12695.61566 4222.063264 116
12798.57108 3651.161539 116
12776.5265 3049.009815 116
12629.48192 2415.60809 116
12361.51248 1750.956366 116
11988.24319 1069.677604 116
11521.22389 387.3968057 116
10976.0796 -294.8839926 116
10368.43531 -977.164791 116
9713.916011 -1659.445589 116
9028.146717 -2341.726388 116
8311.127422 -3024.007186 116
7578.483128 -3706.287984 116
7578.48 -3706.29 116
6910.723001 -4158.592438 116
6354.684002 -4193.397315 116
5888.791475 -3900.077192 116
5481.795418 -3372.382069 116
5090.424362 -2688.436945 116
4683.428306 -1926.366822 116
4229.557249 -1165.063025 116
3697.561193 -482.6505551 116
3071.815137 59.13691516 116
2367.94408 444.6743855 116
1616.008552 689.5868558 116
831.633552 809.4993261 116
31.63355201 820.0367964 116
-768.366448 736.8242667 116
-1568.366448 559.861737 116
-2368.366448 304.7742072 116
-3168.366448 -12.81332245 116
-3968.366448 -377.2758522 116
-4768.366448 -772.9883819 116
-5568.366448 -1184.325912 116
-5568.37 -1184.33 116
-6258.995 -1595.63 116
-6730.87 -2006.93 116
-6999.62 -2418.23 116
-7087.961188 -2825.269684 116
-7011.518563 -3212.424052 116
-6794.450939 -3568.32842 116
-6452.383314 -3892.982788 116
-6000.94069 -4186.387156 116
-5471.373065 -4432.916523 116
-4879.305441 -4616.945891 116
-4240.362816 -4738.475259 116
-3585.795191 -4797.504627 116
-2931.227567 -4794.033995 116
-2292.284942 -4712.438363 116
-1698.518553 -4537.092731 116
-1165.553399 -4267.997099 116
-710.7132453 -3905.151467 116
-365.2480914 -3432.930834 116
-145.4899424 -2835.710202 116
-67.21437029 -2105.849886 116
-67.21437029 -2105.849886 96
0 0 25
25 788.2721729 10
50 1576.544346 10
