0,0000 0,0000
0,0000 -24,1360
3,9034 -47,1209
12,3123 -67,9821
21,2474 -88,3077
30,4881 -108,3738
42,3632 -126,0507
56,0761 -141,3091
71,1609 -154,5746
86,0301 -167,5947
102,1109 -179,0266
118,2044 -190,2850
134,4379 -200,0622
150,0968 -209,4933
165,2405 -218,6141
179,9270 -227,4596
194,2976 -236,1147
208,4213 -244,6212
222,1943 -252,9165
235,7148 -260,9843
249,5788 -267,8059
263,0501 -274,3615
276,1789 -280,7342
288,9829 -286,9492
301,5861 -293,0146
314,4473 -297,9434
327,0770 -302,7835
339,9921 -306,0840
