      0.00       0.00     100.00 
      2.45     -23.49      93.75 
      9.77     -45.86      87.25 
     21.60     -66.22      80.75 
     37.42     -83.58      74.25 
     56.64     -97.30      67.75 
     78.53    -106.79      61.25 
    102.23    -111.63      54.75 
    126.65    -111.79      48.25 
    151.15    -109.53      41.75 
    175.65    -107.20      35.25 
    200.15    -104.86      29.06 
    224.65    -102.45      23.30 
    249.15    -100.04      17.72 
    273.65     -97.63      12.22 
    298.15     -95.21       6.72 
