      0.00       0.00     100.00 
      0.73     -21.60      95.00 
      3.37     -38.57      87.50 
      8.63     -51.28      77.50 
     16.90     -59.99      70.00 
     27.26     -64.31      67.50 
     37.98     -63.68      68.55 
     47.62     -58.24      70.64 
     54.72     -48.54      70.23 
     58.63     -34.96      65.37 
     59.36     -17.49      57.87 
     57.19       4.06      49.45 
     52.99      30.14      40.72 
     50.56      58.79      31.90 
     52.84      86.42      23.09 
     59.29     111.27      14.83 
