      0.00       0.00     100.00 
      2.45     -23.49      93.75 
      9.77     -45.86      87.25 
     21.67     -66.33      80.75 
     37.72     -84.02      74.25 
     56.96     -97.99      67.75 
     78.39    -107.47      61.25 
    101.37    -112.21      54.75 
    125.30    -112.05      48.25 
    148.69    -107.11      41.75 
    170.72     -97.62      35.29 
    190.75     -83.95      29.10 
    208.01     -66.86      23.30 
    223.94     -48.13      17.72 
    239.70     -29.25      12.22 
    255.47     -10.37       6.72 
