      0.00       0.00     100.00 
      1.18     -21.78      97.50 
      4.74     -39.14     100.00 
     10.66     -52.06     104.14 
     18.94     -60.55     104.93 
     29.14     -64.42     100.72 
     40.55     -63.43      93.12 
     52.70     -57.50      84.62 
     65.17     -46.56      75.96 
     77.49     -30.62      67.15 
     88.82      -9.78      58.34 
     97.79      15.36      49.53 
    102.62      42.64      40.72 
    102.55      69.44      31.90 
     97.85      94.33      23.09 
     89.00     116.44      14.83 
