      0.00       0.00     100.00 
      2.50     -23.99      93.75 
      9.07     -47.56      87.25 
     19.42     -69.52      80.75 
     33.94     -88.73      74.25 
     51.64    -105.41      67.75 
     71.92    -119.14      61.25 
     92.07    -132.90      54.75 
    110.88    -148.65      48.25 
    129.80    -164.37      41.75 
    148.72    -180.10      35.29 
    167.65    -195.82      29.10 
    186.57    -211.55      23.30 
    205.49    -227.28      17.72 
    224.41    -243.00      12.22 
    243.34    -258.73       6.72 
