00:00:23.306 0.058710 -0.021117 0.000018 100.000018
00:00:23.607 0.058710 -0.021117 0.000018 100.000018
00:00:23.859 0.058710 -0.021117 0.000018 100.000018
00:00:23.909 0.058710 -0.021117 0.000018 100.000018
00:00:24.063 0.058710 -0.021117 0.000018 100.000018
00:00:24.084 0.058710 -0.021117 0.000018 100.000018
00:00:24.248 0.058710 -0.021117 0.000018 100.000018
00:00:24.367 0.058710 -0.021117 0.000018 100.000018
00:00:24.427 0.058710 -0.021117 0.000018 100.000018
00:00:24.547 0.058710 -0.021117 0.000018 100.000018
00:00:24.618 0.058710 -0.021117 0.000018 100.000018
00:00:24.750 0.058710 -0.021117 0.000018 100.000018
00:00:24.811 0.058710 -0.021117 0.000018 100.000018
00:00:24.939 0.058710 -0.021117 0.000018 100.000018
00:00:25.071 0.058710 -0.021117 0.000018 100.000018
00:00:25.146 0.058710 -0.021117 0.000018 100.000018
00:00:25.179 0.058710 -0.021117 0.000018 100.000018
00:00:25.339 0.058710 -0.021117 0.000018 100.000018
00:00:25.454 0.058710 -0.021117 0.000018 100.000018
00:00:25.518 0.058710 -0.021117 0.000018 100.000018
00:00:25.643 0.058710 -0.021117 0.000018 100.000018
00:00:25.762 0.058710 -0.021117 0.000018 100.000018
00:00:25.822 0.058710 -0.021117 0.000018 100.000018
00:00:25.942 0.058710 -0.021117 0.000018 100.000018
00:00:26.074 0.058710 -0.021117 0.000018 100.000018
00:00:26.134 0.058710 -0.021117 0.000018 100.000018
00:00:26.258 0.058710 -0.021117 0.000018 100.000018
00:00:26.318 0.058710 -0.021117 0.000018 100.000018
00:00:26.443 0.058710 -0.021117 0.000018 100.000018
00:00:26.570 0.058710 -0.021117 0.000018 100.000018
00:00:26.636 0.058710 -0.021117 0.000018 100.000018
00:00:26.766 0.058710 -0.021117 0.000018 100.000018
00:00:26.831 0.058710 -0.021117 0.000018 100.000018
00:00:26.963 0.058710 -0.021117 0.000018 100.000018
00:00:27.027 0.058710 -0.021117 0.000018 100.000018
00:00:27.159 0.058710 -0.021117 0.000018 100.000018
00:00:27.222 0.058710 -0.021117 0.000018 100.000018
00:00:27.362 0.058710 -0.021117 0.000018 100.000018
00:00:27.422 0.058710 -0.021117 0.000018 100.000018
00:00:27.538 0.058710 -0.021117 0.000018 100.000018
00:00:28.294 0.058710 -2.129112 0.004483 100.004483
00:00:32.942 0.058710 38.921312 -0.126188 99.873812
00:00:33.322 0.503985 97.057587 -1.485733 98.514267
00:00:33.366 1.728493 120.800264 -3.263857 96.736143
00:00:33.448 2.173768 125.903830 -3.983665 96.016335
00:00:33.578 2.173768 132.005920 -5.022038 94.977962
00:00:33.662 2.619043 137.331380 -6.033474 93.966526
00:00:33.778 3.064319 143.433470 -7.296579 92.703421
00:00:33.866 3.509594 148.758931 -8.351770 91.648230
00:00:33.970 4.288826 154.417232 -9.447889 90.552111
00:00:34.074 5.179377 160.630269 -10.555543 89.444457
00:00:34.162 6.069928 165.844782 -11.427378 88.572622
00:00:34.266 6.849159 171.614031 -12.314021 87.685979
00:00:34.378 8.184986 177.716121 -13.199995 86.800005
00:00:34.466 9.409493 183.041581 -13.890334 86.109666
00:00:34.574 10.745319 189.143671 -14.637823 85.362177
00:00:34.678 11.969826 194.912920 -15.259851 84.740149
00:00:34.770 13.194334 200.127433 -15.773531 84.226469
00:00:34.866 14.530160 205.896682 -16.273742 83.726258
00:00:34.958 16.199942 211.222142 -16.674685 83.325315
00:00:35.066 17.869725 217.546126 -17.074586 82.925414
00:00:35.170 19.205551 223.204428 -17.370010 82.629990
00:00:35.258 20.875334 228.307994 -17.577402 82.422598
00:00:35.366 22.990392 234.410084 -17.742453 82.257547
00:00:35.475 24.660175 240.623121 -17.817983 82.182017
00:00:35.562 26.775233 245.615740 -17.815750 82.184250
00:00:35.666 28.556334 251.384989 -17.749745 82.250255
00:00:35.770 31.116668 257.265184 -17.603894 82.396106
00:00:35.878 33.231726 262.812539 -17.403422 82.596578
00:00:35.958 34.901508 267.472317 -17.190449 82.809551
00:00:36.074 37.461842 273.796301 -16.820462 83.179538
00:00:36.162 39.576900 278.899867 -16.468112 83.531888
00:00:36.266 41.691958 284.225327 -16.022669 83.977331
00:00:36.366 43.807016 289.661735 -15.516654 84.483346
00:00:36.466 45.922074 294.543407 -15.003569 84.996431
00:00:36.566 48.482408 300.423602 -14.345079 85.654921
00:00:36.662 50.597466 305.305274 -13.750659 86.249341
00:00:36.762 52.712524 310.630735 -13.070143 86.929857
00:00:36.878 55.272857 316.732825 -12.241840 87.758160
00:00:36.970 57.387915 321.614497 -11.569583 88.430417
00:00:37.070 59.502973 326.939957 -10.817480 89.182520
00:00:37.162 61.618031 331.821629 -10.111663 89.888337
00:00:37.262 63.733089 337.036142 -9.325032 90.674968
00:00:37.375 66.738698 343.249179 -8.389796 91.610204
00:00:37.470 68.853756 347.908957 -7.646697 92.353303
00:00:37.574 71.414090 353.567258 -6.765783 93.234217
00:00:37.666 73.529148 358.227036 -6.024173 93.975827
00:00:37.767 75.644206 363.330602 -5.224594 94.775406
00:00:37.862 77.759264 367.990380 -4.504637 95.495363
00:00:37.978 80.764873 373.870576 -3.610627 96.389373
00:00:38.070 82.879931 378.530354 -2.928324 97.071676
00:00:38.158 84.994989 383.412026 -2.264700 97.735300
00:00:38.278 88.000597 389.292221 -1.449270 98.550730
00:00:38.378 90.115656 394.395788 -0.778651 99.221349
00:00:38.470 92.675989 399.055565 -0.187654 99.812346
00:00:38.566 94.791047 404.159131 0.428568 100.428568
00:00:38.658 96.906105 408.818909 0.963085 100.963085
00:00:38.774 99.911714 414.699105 1.597837 101.597837
00:00:38.870 102.026772 419.136989 2.059725 102.059725
00:00:38.966 104.141830 424.240555 2.527194 102.527194
00:00:39.062 106.256888 428.900333 2.922481 102.922481
00:00:39.174 109.262497 434.891475 3.379532 103.379532
00:00:39.266 111.377555 439.551253 3.703829 103.703829
00:00:39.358 113.492613 444.100084 3.998583 103.998583
00:00:39.474 116.386903 449.869333 4.329279 104.329279
00:00:39.566 118.501961 454.529110 4.551926 104.551926
00:00:39.666 121.062294 459.632676 4.756714 104.756714
00:00:39.766 123.622628 464.070560 4.907030 104.907030
00:00:39.860 125.737686 469.174126 5.027655 105.027655
00:00:39.974 128.743295 474.832428 5.111073 105.111073
00:00:40.070 131.303628 479.492206 5.133621 105.133621
00:00:40.159 133.418686 484.151983 5.119854 105.119854
00:00:40.274 136.424295 489.810285 5.051319 105.051319
00:00:40.374 138.984629 494.913851 4.948181 104.948181
00:00:40.470 141.433643 499.351735 4.820263 104.820263
00:00:40.562 143.993977 504.011512 4.661910 104.661910
00:00:40.674 146.999585 510.002655 4.416864 104.416864
00:00:40.770 149.114643 514.440539 4.192209 104.192209
00:00:40.862 151.674977 519.544105 3.918365 103.918365
00:00:40.978 154.680586 524.980512 3.592059 103.592059
00:00:41.058 156.795644 528.974608 3.323052 103.323052
00:00:41.174 159.689934 534.965750 2.925979 102.925979
00:00:41.266 162.250267 539.403634 2.600864 102.600864
00:00:41.362 165.255876 544.507200 2.235714 102.235714
00:00:41.458 167.816209 548.945084 1.893186 101.893186
00:00:41.574 170.821818 554.825280 1.446999 101.446999
00:00:41.670 173.382152 559.263163 1.088547 101.088547
00:00:41.770 176.276442 564.144835 0.689687 100.689687
00:00:41.870 179.282050 569.026507 0.283014 100.283014
00:00:41.966 182.287659 574.130073 -0.130504 99.869496
00:00:42.078 185.627225 579.344586 -0.583909 99.416091
00:00:42.167 188.187558 583.782470 -0.969821 99.030179
00:00:42.262 191.193167 588.220354 -1.355434 98.644566
00:00:42.382 194.532732 593.989602 -1.842623 98.157377
00:00:42.475 197.538341 598.871274 -2.254356 97.745644
00:00:42.563 200.098674 602.865369 -2.592047 97.407953
00:00:42.658 203.438240 607.747041 -2.988674 97.011326
00:00:42.778 207.334399 613.183449 -3.436349 96.563651
00:00:42.871 209.894733 617.732280 -3.774784 96.225216
00:00:42.966 213.234298 622.503004 -4.128698 95.871302
00:00:43.066 216.685182 627.384676 -4.463189 95.536811
00:00:43.158 219.579472 631.822560 -4.749608 95.250392
00:00:43.274 223.475632 637.369914 -5.084025 94.915975
00:00:43.378 226.815197 642.029692 -5.342689 94.657311
00:00:43.470 230.266081 646.245682 -5.557373 94.442627
00:00:43.570 233.605647 651.127354 -5.767072 94.232928
00:00:43.662 237.056531 655.343343 -5.936438 94.063562
00:00:43.758 240.396096 659.781227 -6.097173 93.902827
00:00:43.879 244.626212 665.328581 -6.254782 93.745218
00:00:43.974 248.522372 669.766465 -6.365584 93.634416
00:00:44.079 251.861937 673.982454 -6.448184 93.551816
00:00:44.174 255.758097 678.864126 -6.520291 93.479709
00:00:44.271 259.097662 682.858221 -6.558168 93.441832
00:00:44.366 262.882503 687.296105 -6.574613 93.425387
00:00:44.463 266.778663 691.290200 -6.567172 93.432828
00:00:44.562 270.563503 695.728084 -6.535769 93.464231
00:00:44.674 274.793619 700.831650 -6.470062 93.529938
00:00:44.774 279.023736 705.269533 -6.389918 93.610082
00:00:44.874 282.474620 709.263629 -6.297495 93.702505
00:00:44.970 286.704736 713.590565 -6.175084 93.824916
00:00:45.070 290.489577 717.806555 -6.029158 93.970842
00:00:45.158 294.385736 721.800650 -5.874898 94.125102
00:00:45.278 299.061128 726.682322 -5.651358 94.348642
00:00:45.378 303.291244 730.676417 -5.437194 94.562806
00:00:45.478 307.076084 734.892406 -5.204576 94.795424
00:00:45.562 310.972244 738.331766 -4.997854 95.002146
00:00:45.674 315.536317 742.991544 -4.689631 95.310369
00:00:45.770 319.432476 746.763745 -4.433870 95.566130
00:00:45.870 323.662592 750.535946 -4.143953 95.856047
00:00:45.966 328.337984 754.640988 -3.844659 96.155341
00:00:46.067 332.568100 758.413190 -3.537255 96.462745
00:00:46.166 336.798216 762.407285 -3.223078 96.776922
00:00:46.258 340.694376 765.846645 -2.930036 97.069964
00:00:46.358 345.258448 769.618846 -2.605963 97.394037
00:00:46.462 349.933840 773.834835 -2.251156 97.748844
00:00:46.567 354.609231 777.496089 -1.921800 98.078200
00:00:46.670 359.284623 781.490184 -1.564612 98.435388
00:00:46.770 363.626058 785.262385 -1.235777 98.764223
00:00:46.874 368.190130 788.923639 -0.908429 99.091571
00:00:46.962 372.531565 792.252052 -0.610326 99.389674
00:00:47.066 376.761681 795.913306 -0.287890 99.712110
00:00:47.162 381.437073 799.463613 0.031123 100.031123
00:00:47.270 386.557740 803.457708 0.372014 100.372014
00:00:47.358 390.342581 806.453279 0.630379 100.630379
00:00:47.458 395.017972 809.781692 0.935179 100.935179
00:00:47.559 399.693364 813.221052 1.233282 101.233282
00:00:47.662 404.368755 816.993253 1.546937 101.546937
00:00:47.770 409.489422 820.654507 1.849356 101.849356
00:00:47.874 414.053495 823.982920 2.117172 102.117172
00:00:47.958 418.394930 826.756597 2.331262 102.331262
00:00:48.066 423.404278 830.306904 2.596399 102.596399
00:00:48.162 428.079669 833.746264 2.827082 102.827082
00:00:48.262 432.755061 836.963729 3.044148 103.044148
00:00:48.366 437.875727 840.070248 3.247447 103.247447
00:00:48.466 442.551119 843.509607 3.436534 103.436534
00:00:48.558 446.781235 846.172338 3.597343 103.597343
00:00:48.659 451.901902 849.389803 3.758747 103.758747
00:00:48.762 457.022569 852.829163 3.917025 103.917025
00:00:48.858 461.697960 855.713787 4.037651 104.037651
00:00:48.959 466.373352 858.931253 4.155820 104.155820
00:00:49.062 471.827975 862.148719 4.268409 104.268409
00:00:49.158 476.058091 865.033343 4.351678 104.351678
00:00:49.266 481.624033 868.250809 4.436733 104.436733
00:00:49.358 485.854150 870.802592 4.492693 104.492693
00:00:49.462 491.865367 874.131004 4.558028 104.558028
00:00:49.566 496.540759 877.126576 4.602453 104.602453
00:00:49.666 501.550107 879.900253 4.636163 104.636163
00:00:49.775 506.670774 882.784877 4.659454 104.659454
00:00:49.862 511.346165 885.336660 4.671733 104.671733
00:00:49.966 516.912107 888.332232 4.675007 104.675007
00:00:50.070 522.366731 891.549697 4.666598 104.666598
00:00:50.170 527.487398 894.101480 4.648888 104.648888
00:00:50.275 532.608065 896.764211 4.622471 104.622471
00:00:50.362 537.728731 899.315994 4.590993 104.590993
00:00:50.474 543.183355 902.089671 4.545750 104.545750
00:00:50.574 547.858746 904.641454 4.501250 104.501250
00:00:50.658 552.088862 906.749449 4.456230 104.456230
00:00:50.770 558.434037 909.745020 4.387173 104.387173
00:00:50.874 563.999979 912.407750 4.317819 104.317819
00:00:50.974 569.565921 914.959533 4.250103 104.250103
00:00:51.062 574.241313 917.289422 4.185883 104.185883
00:00:51.158 579.250661 919.619311 4.120473 104.120473
00:00:51.266 584.816603 922.171094 4.042934 104.042934
00:00:51.366 590.382545 924.500983 3.971868 103.971868
00:00:51.474 596.282444 927.274660 3.896413 103.896413
00:00:51.578 600.512560 929.160761 3.840007 103.840007
00:00:51.690 606.857734 931.712544 3.764402 103.764402
00:00:51.774 611.087850 933.376750 3.718340 103.718340
00:00:51.898 617.989619 936.372322 3.646530 103.646530
00:00:51.986 622.998967 938.258422 3.598533 103.598533
00:00:52.066 627.674358 940.144523 3.558275 103.558275
00:00:52.178 634.019532 942.474412 3.507748 103.507748
00:00:52.294 640.030750 944.804301 3.466895 103.466895
00:00:52.374 644.706141 946.579454 3.438840 103.438840
00:00:52.486 650.606040 948.687449 3.406470 103.406470
00:00:52.566 655.281432 950.351655 3.385709 103.385709
00:00:52.686 661.626606 952.681544 3.363682 103.363682
00:00:52.778 666.301997 954.345750 3.353339 103.353339
00:00:52.890 673.537722 956.675639 3.346567 103.346567
00:00:52.962 677.767838 958.007004 3.347981 103.347981
00:00:53.066 684.224331 960.336893 3.359218 103.359218
00:00:53.190 689.678955 962.001099 3.376258 103.376258
00:00:53.258 695.244897 963.665306 3.402601 103.402601
00:00:53.390 702.035347 965.773301 3.442785 103.442785
00:00:53.474 706.265463 967.104666 3.474708 103.474708
00:00:53.570 713.055912 968.990766 3.538704 103.538704
00:00:53.694 718.955811 970.654972 3.600319 103.600319
00:00:53.779 723.631203 972.097285 3.658809 103.658809
00:00:53.874 730.421652 973.872438 3.750040 103.750040
00:00:53.970 735.097044 975.092856 3.821701 103.821701
00:00:54.090 741.887493 976.757062 3.930420 103.930420
00:00:54.170 746.562885 978.088427 4.013168 104.013168
00:00:54.290 753.353334 979.752634 4.134910 104.134910
00:00:54.366 757.249494 980.640211 4.207612 104.207612
00:00:54.466 763.594668 982.082523 4.330395 104.330395
00:00:54.586 770.830393 983.746729 4.479149 104.479149
00:00:54.682 776.730292 985.078094 4.602528 104.602528
00:00:54.766 780.960408 986.076618 4.696885 104.696885
00:00:54.879 787.750857 987.629877 4.846829 104.846829
00:00:54.994 794.207350 988.850295 4.989332 104.989332
00:00:55.062 797.992191 989.737872 5.078331 105.078331
00:00:55.158 804.782641 990.958290 5.236238 105.236238
00:00:55.390 811.573090 992.400602 5.396972 105.396972
00:00:55.471 821.814424 994.397650 5.641571 105.641571
00:00:55.582 828.604873 995.396174 5.806175 105.806175
00:00:55.694 834.950048 996.727539 5.963040 105.963040
00:00:55.778 840.070714 997.282274 6.087535 106.087535
00:00:55.890 846.861164 998.613639 6.266501 106.266501
00:00:55.970 851.536555 999.168375 6.383703 106.383703
00:00:56.082 858.660962 1000.277845 6.580453 106.580453
00:00:56.174 864.226904 1001.165422 6.724445 106.724445
00:00:56.282 869.792846 1001.942052 6.880119 106.880119
00:00:56.370 874.802194 1002.607734 7.007962 107.007962
00:00:56.478 881.592644 1003.495311 7.183207 107.183207
00:00:56.562 886.713311 1004.050047 7.305246 107.305246
00:00:56.670 892.724528 1004.715729 7.447898 107.447898
00:00:56.782 899.514978 1005.381412 7.608632 107.608632
00:00:56.870 904.524326 1006.047094 7.719510 107.719510
00:00:56.962 911.314775 1006.601830 7.868933 107.868933
00:00:57.094 917.771268 1007.267512 8.001539 108.001539
00:00:57.166 922.001384 1007.711300 8.089645 108.089645
00:00:57.274 929.237109 1008.266036 8.220911 108.220911
00:00:57.394 935.582283 1008.931718 8.336774 108.336774
00:00:57.466 940.702950 1009.375507 8.421904 108.421904
00:00:57.586 947.048125 1009.819295 8.528093 108.528093
00:00:57.627 951.278241 1010.041189 8.598712 108.598712
00:00:57.774 958.513966 1010.484978 8.703933 108.703933
00:00:57.870 964.413864 1010.817819 8.789435 108.789435
00:00:57.966 969.534531 1011.039713 8.863775 108.863775
00:00:58.099 977.215532 1011.483502 8.958950 108.958950
00:00:58.166 982.670155 1011.705396 9.024211 109.024211
00:00:58.298 989.126648 1011.927290 9.096616 109.096616
00:00:58.374 994.135996 1012.149184 9.148855 109.148855
00:00:58.486 1000.926446 1012.371078 9.217093 109.217093
00:00:58.525 1006.047112 1012.371078 9.262485 109.262485
00:00:58.687 1012.392287 1012.371078 9.317105 109.317105
00:00:58.786 1018.848780 1012.592972 9.366144 109.366144
00:00:58.858 1023.858128 1012.592972 9.399630 109.399630
00:00:58.994 1030.648577 1012.592972 9.441079 109.441079
00:00:59.058 1035.323969 1012.371078 9.464668 109.464668
00:00:59.190 1042.114418 1012.371078 9.497410 109.497410
00:00:59.271 1047.680360 1012.371078 9.520627 109.520627
00:00:59.366 1054.025535 1012.149184 9.545779 109.545779
00:00:59.470 1060.815984 1011.927290 9.569443 109.569443
00:00:59.582 1065.936651 1011.705396 9.588642 109.588642
00:00:59.666 1072.281825 1011.483502 9.609031 109.609031
00:00:59.782 1078.293043 1011.261607 9.629197 109.629197
00:00:59.866 1082.968434 1011.039713 9.646313 109.646313
00:00:59.986 1090.538116 1010.595925 9.672953 109.672953
00:01:00.086 1096.549333 1010.263084 9.695649 109.695649
00:01:00.166 1100.779449 1009.819295 9.713657 109.713657
00:01:00.282 1108.015174 1009.375507 9.743274 109.743274
00:01:00.358 1112.245291 1008.931718 9.763292 109.763292
00:01:00.462 1118.145189 1008.487930 9.790974 109.790974
00:01:00.566 1125.380914 1007.711300 9.824535 109.824535
00:01:00.679 1130.056306 1007.267512 9.849017 109.849017
00:01:00.770 1136.846755 1006.601830 9.881238 109.881238
00:01:00.878 1143.191929 1005.825200 9.914576 109.914576
00:01:00.986 1149.982379 1004.937623 9.952824 109.952824
00:01:01.023 1154.212495 1004.493835 9.978944 109.978944
00:01:01.175 1161.448220 1003.495311 10.022327 110.022327
00:01:01.286 1167.904713 1002.607734 10.065859 110.065859
00:01:01.366 1172.134829 1001.942052 10.096964 110.096964
00:01:01.474 1178.034728 1001.165422 10.139678 110.139678
00:01:01.578 1184.825177 1000.055951 10.192884 110.192884
00:01:01.666 1189.945844 999.168375 10.233514 110.233514
00:01:01.778 1196.291019 998.169851 10.289846 110.289846
00:01:01.858 1201.856961 997.282274 10.341043 110.341043
00:01:01.966 1207.756860 996.283750 10.400648 110.400648
00:01:02.082 1214.547309 994.952385 10.475434 110.475434
00:01:02.179 1219.222701 993.953861 10.532063 110.532063
00:01:02.270 1224.788643 992.844390 10.597101 110.597101
00:01:02.381 1231.133817 991.623972 10.678064 110.678064
00:01:02.494 1238.369542 989.959766 10.777183 110.777183
00:01:02.570 1243.044933 988.850295 10.846239 110.846239
00:01:02.682 1249.390108 987.407983 10.939257 110.939257
00:01:02.786 1255.735282 985.854724 11.036293 111.036293
00:01:02.825 1259.965398 984.856200 11.105647 111.105647
00:01:02.970 1266.421891 983.302941 11.208413 111.208413
00:01:03.082 1272.767065 981.638734 11.314230 111.314230
00:01:03.162 1276.997181 980.640211 11.388420 111.388420
00:01:03.270 1283.787631 978.865057 11.504878 111.504878
00:01:03.370 1289.687529 976.978957 11.615235 111.615235
00:01:03.474 1296.144023 975.314750 11.728195 111.728195
00:01:04.026 1299.038312 974.427174 11.781103 111.781103
00:01:04.178 1328.760444 965.329512 12.374779 112.374779
00:01:04.266 1341.116836 961.335417 12.652790 112.652790
00:01:04.370 1346.682778 959.449316 12.819775 112.819775
00:01:04.470 1352.582677 957.341322 13.043910 113.043910
00:01:04.566 1354.697735 956.453745 13.140425 113.140425
00:01:04.666 1363.157967 953.458174 13.519862 113.519862
00:01:04.910 1365.273025 952.681544 13.630739 113.630739
00:01:05.050 1379.744475 947.356084 14.325171 114.325171
00:01:05.052 1385.755693 945.026195 14.606159 114.606159
00:01:05.162 1389.985809 943.140094 14.815188 114.815188
00:01:05.258 1395.440432 940.810205 15.058447 115.058447
00:01:05.362 1401.451650 938.480316 15.313167 115.313167
00:01:05.806 1405.236491 936.816110 15.483947 115.483947
00:01:05.934 1426.053115 928.162237 16.270132 116.270132
00:01:06.098 1433.288840 924.944771 16.507661 116.507661
00:01:06.170 1444.309405 920.063099 16.833669 116.833669
00:01:06.282 1449.875347 917.733211 16.969401 116.969401
00:01:06.402 1451.545130 916.956581 17.012412 117.012412
00:01:06.462 1460.005362 913.073433 17.209609 117.209609
00:01:06.634 1465.571305 910.743544 17.337229 117.337229
00:01:06.635 1470.580653 908.191761 17.473258 117.473258
00:01:06.778 1476.591870 905.307137 17.642625 117.642625
00:01:06.866 1481.712537 902.977248 17.779993 117.779993
00:01:07.014 1485.052103 901.202094 17.878889 117.878889
00:01:07.114 1491.397277 898.095576 18.053837 118.053837
00:01:07.162 1496.517944 895.321898 18.177290 118.177290
00:01:07.282 1500.748060 892.992010 18.266512 118.266512
00:01:07.358 1505.423451 890.440226 18.350079 118.350079
00:01:07.482 1512.659176 886.668025 18.453366 118.453366
00:01:07.570 1517.779843 883.894348 18.510962 118.510962
00:01:07.686 1522.900510 881.120671 18.559034 118.559034
00:01:07.822 1527.909858 878.125100 18.599813 118.599813
00:01:07.874 1532.585249 875.684264 18.630695 118.630695
00:01:08.226 1535.145583 874.131004 18.644759 118.644759
00:01:08.322 1552.177366 864.589555 18.665148 118.665148
00:01:08.370 1556.852758 862.148719 18.651903 118.651903
00:01:08.742 1559.413091 860.595459 18.642973 118.642973
00:01:08.790 1578.114657 849.167909 18.562234 118.562234
00:01:08.839 1583.124005 845.839496 18.543779 118.543779
00:01:08.958 1587.799396 843.065819 18.531129 118.531129
00:01:09.058 1592.029513 840.070248 18.521901 118.521901
00:01:09.183 1597.595455 836.298047 18.513567 118.513567
00:01:09.290 1600.601064 834.411946 18.510144 118.510144
00:01:09.374 1607.391513 829.752168 18.501140 118.501140
00:01:09.498 1612.066905 826.534703 18.492880 118.492880
00:01:09.562 1616.297021 823.317237 18.483504 118.483504
00:01:09.866 1620.081862 820.654507 18.473160 118.473160
00:01:09.970 1630.768471 812.333475 18.434316 118.434316
00:01:10.058 1638.783427 806.231385 18.395993 118.395993
00:01:10.162 1643.904094 802.459184 18.385054 118.385054
00:01:10.270 1648.579486 798.576036 18.392942 118.392942
00:01:10.366 1652.809602 795.247623 18.411173 118.411173
00:01:10.638 1654.479385 793.694364 18.421814 118.421814
00:01:10.838 1665.945226 784.596703 18.500991 118.500991
00:01:10.848 1674.516777 777.274195 18.588948 118.588948
00:01:10.970 1679.526125 772.836311 18.668051 118.668051
00:01:11.070 1683.756241 769.175057 18.760547 118.760547
00:01:11.174 1688.431632 765.402856 18.873285 118.873285
00:01:11.350 1690.546690 763.072967 18.945243 118.945243
00:01:11.458 1696.557908 757.525613 19.129790 119.129790
00:01:11.459 1700.788024 753.531518 19.261131 119.261131
00:01:11.578 1704.572865 749.759316 19.389867 119.389867
00:01:11.675 1708.469024 745.876168 19.507664 119.507664
00:01:11.862 1711.808590 742.547756 19.614746 119.614746
00:01:11.962 1720.268822 733.893883 19.883158 119.883158
00:01:12.066 1724.610257 729.788840 20.002592 120.002592
00:01:12.166 1728.395098 725.572851 20.123664 120.123664
00:01:12.266 1732.179938 721.578756 20.248977 120.248977
00:01:12.362 1736.076098 717.362766 20.377342 120.377342
00:01:12.474 1738.636431 715.032877 20.452277 120.452277
00:01:12.562 1744.091055 709.041735 20.629382 120.629382
00:01:12.666 1747.875896 704.825745 20.748296 120.748296
00:01:12.774 1752.217331 700.387861 20.872195 120.872195
00:01:12.870 1756.002171 696.171872 20.984486 120.984486
00:01:12.962 1759.341737 692.399671 21.088442 121.088442
00:01:13.062 1763.237896 688.183682 21.205570 121.205570
00:01:13.162 1767.022737 683.745798 21.327684 121.327684
00:01:13.262 1770.473621 679.418862 21.453667 121.453667
00:01:13.722 1772.588679 676.978026 21.528006 121.528006
00:01:14.042 1787.394086 658.782703 22.015716 122.015716
00:01:14.118 1798.414651 644.137687 22.345593 122.345593
00:01:14.133 1800.974985 640.698327 22.456768 122.456768
00:01:14.270 1805.205101 635.483814 22.678968 122.678968
00:01:14.374 1809.101260 630.158354 22.951622 122.951622
00:01:14.462 1811.995550 626.386153 23.163702 123.163702
00:01:14.559 1815.446435 621.948269 23.420579 123.420579
00:01:14.686 1818.006768 618.065121 23.627971 123.627971
00:01:14.766 1822.236884 612.628713 23.922427 123.922427
00:01:14.858 1824.797218 609.189354 24.090752 124.090752
00:01:14.958 1828.582058 603.974840 24.345099 124.345099
00:01:15.070 1832.032942 599.315063 24.559337 124.559337
00:01:15.230 1832.812174 597.761803 24.630403 124.630403
00:01:15.318 1838.378117 590.550243 24.962810 124.962810
00:01:15.554 1841.383725 586.334253 25.147357 125.147357
00:01:15.555 1848.619450 575.572385 25.557379 125.557379
00:01:15.678 1851.513740 570.912608 25.698393 125.698393
00:01:15.770 1854.519349 566.696618 25.807559 125.807559
00:01:15.866 1857.524958 562.036840 25.906604 125.906604
00:01:16.010 1860.085291 558.042745 25.975363 125.975363
00:01:16.062 1863.424857 553.161073 26.046502 126.046502
00:01:16.166 1866.875741 547.835613 26.099113 126.099113
00:01:16.274 1870.215306 542.732047 26.132376 126.132376
00:01:16.370 1873.220915 538.072269 26.144803 126.144803
00:01:16.470 1876.560480 533.412491 26.141083 126.141083
00:01:16.570 1879.566089 528.752713 26.121661 126.121661
00:01:16.678 1882.571698 523.981989 26.088323 126.088323
00:01:16.838 1884.686756 520.764523 26.059971 126.059971
00:01:16.839 1888.026321 515.217168 26.002821 126.002821
00:01:16.966 1891.477206 510.002655 25.946415 125.946415
00:01:17.074 1894.482814 504.899089 25.890307 125.890307
00:01:17.174 1897.377104 500.017417 25.839706 125.839706
00:01:17.282 1899.492163 496.799952 25.806219 125.806219
00:01:17.374 1902.943047 490.254073 25.736419 125.736419
00:01:17.474 1905.948656 485.372401 25.678004 125.678004
00:01:17.558 1908.063714 481.378306 25.623310 125.623310
00:01:17.666 1910.958004 475.941899 25.542719 125.542719
00:01:17.770 1913.963612 470.616438 25.451041 125.451041
00:01:17.866 1916.078670 465.956661 25.365837 125.365837
00:01:18.006 1919.084279 460.631200 25.258755 125.258755
00:01:18.066 1921.199337 456.415211 25.173477 125.173477
00:01:18.170 1924.204946 450.535015 25.052852 125.052852
00:01:18.270 1926.653961 445.653343 24.950160 124.950160
00:01:18.358 1928.880338 441.437354 24.864881 124.864881
00:01:18.458 1931.329352 436.333788 24.762562 124.762562
00:01:18.674 1933.110454 432.117798 24.677358 124.677358
00:01:18.762 1938.565077 420.912142 24.461781 124.461781
00:01:18.862 1941.125411 415.364788 24.363852 124.363852
00:01:19.138 1942.795193 411.148798 24.298367 124.298367
00:01:19.139 1947.470585 400.386930 24.187193 124.187193
00:01:19.258 1949.585643 395.061470 24.160776 124.160776
00:01:19.386 1950.921469 391.622110 24.151400 124.151400
00:01:19.506 1952.591252 387.184227 24.145372 124.145372
00:01:19.574 1955.151585 381.082137 24.140610 124.140610
00:01:19.690 1956.376092 377.531830 24.139270 124.139270
00:01:19.782 1959.381701 368.767010 24.144032 124.144032
00:01:19.874 1961.496759 362.443026 24.152218 124.152218
00:01:19.974 1963.166542 357.228512 24.162710 124.162710
00:01:20.058 1964.947643 352.790629 24.176254 124.176254
00:01:20.158 1966.617426 347.465169 24.200141 124.200141
00:01:20.266 1968.287209 341.474026 24.236455 124.236455
00:01:20.366 1970.068310 336.259512 24.279540 124.279540
00:01:20.466 1971.292818 330.712158 24.330886 124.330886
00:01:20.570 1973.407876 325.053856 24.394957 124.394957
00:01:20.666 1973.853151 322.723968 24.421746 124.421746
00:01:20.770 1976.413484 314.181042 24.532846 124.532846
00:01:20.870 1977.637992 308.744634 24.611799 124.611799
00:01:20.970 1979.307774 303.197280 24.699385 124.699385
00:01:21.114 1980.198325 300.090761 24.755121 124.755121
00:01:21.170 1981.868108 292.879200 24.897847 124.897847
00:01:21.294 1983.203934 287.331846 25.019960 125.019960
00:01:21.366 1984.428441 281.895438 25.156287 125.156287
00:01:21.550 1985.764267 277.457555 25.279517 125.279517
00:01:21.551 1986.988775 270.800729 25.462352 125.462352
00:01:21.674 1988.324601 264.920534 25.637820 125.637820
00:01:21.850 1988.324601 263.700116 25.678525 125.678525
00:01:21.954 1989.994384 253.936772 25.959140 125.959140
00:01:22.006 1991.218891 248.389417 26.116526 126.116526
00:01:22.033 1992.109442 242.953010 26.277558 126.277558
00:01:22.178 1992.999992 237.405655 26.446701 126.446701
00:01:22.298 1993.779224 233.855349 26.564424 126.564424
00:01:22.374 1994.669775 226.421893 26.809544 126.809544
00:01:22.474 1995.449007 220.874539 26.998854 126.998854
00:01:22.578 1996.339558 216.214761 27.158100 127.158100
00:01:22.666 1997.230108 210.334565 27.364524 127.364524
00:01:22.770 1998.009340 204.565317 27.552197 127.552197
00:01:22.862 1998.454616 200.571222 27.690681 127.690681
00:01:22.978 1999.790442 193.137767 27.932750 127.932750
00:01:23.062 2000.124398 187.923253 28.097801 128.097801
00:01:23.174 2001.014949 181.932110 28.293212 128.293212
00:01:23.270 2001.905500 177.272333 28.444421 128.444421
00:01:23.374 2002.239456 170.726454 28.657543 128.657543
00:01:23.458 2002.684732 166.288571 28.809794 128.809794
00:01:23.558 2003.575283 160.630269 28.990844 128.990844
00:01:23.662 2004.020558 154.639126 29.182609 129.182609
00:01:23.766 2004.465833 148.980825 29.353091 129.353091
00:01:23.866 2004.799790 143.433470 29.515686 129.515686
00:01:23.970 2005.245065 137.331380 29.682150 129.682150
00:01:24.070 2005.690341 131.784026 29.826737 129.826737
00:01:24.170 2006.135616 126.347618 29.963287 129.963287
00:01:24.278 2006.580891 120.578370 30.092097 130.092097
00:01:24.374 2006.580891 115.141962 30.213467 130.213467
00:01:24.458 2006.914848 110.482185 30.308791 130.308791
00:01:24.558 2007.360123 104.712936 30.415798 130.415798
00:01:24.666 2007.805399 98.610846 30.521615 130.521615
00:01:24.770 2007.805399 92.397809 30.616717 130.616717
00:01:24.866 2008.250674 87.405190 30.689493 130.689493
00:01:25.314 2008.250674 82.745412 30.750290 130.750290
00:01:25.390 2009.029906 58.780841 31.013939 131.013939
00:01:25.422 2009.029906 53.899169 31.060671 131.060671
00:01:25.562 2009.475181 48.018973 31.119458 131.119458
00:01:25.666 2009.475181 42.249724 31.170134 131.170134
00:01:25.766 2009.475181 37.589946 31.208829 131.208829
00:01:25.866 2009.475181 31.044068 31.258463 131.258463
00:01:25.966 2009.029906 25.385767 31.297307 131.297307
00:01:26.078 2009.029906 19.283677 31.335184 131.335184
00:01:26.158 2009.029906 14.623899 31.360783 131.360783
00:01:26.262 2009.029906 8.854650 31.386977 131.386977
00:01:26.366 2008.695949 6.080973 31.398139 131.398139
00:01:26.470 2008.250674 -3.460477 31.426044 131.426044
00:01:26.578 2008.250674 -8.896884 31.436164 131.436164
00:01:26.658 2007.805399 -13.778556 31.441224 131.441224
00:01:26.778 2007.805399 -20.324434 31.443829 131.443829
00:01:26.858 2007.360123 -24.984212 31.442787 131.442787
00:01:26.978 2006.914848 -31.751985 31.437578 131.437578
00:01:27.062 2006.914848 -36.855551 31.430881 131.430881
00:01:27.186 2006.580891 -40.183964 31.425746 131.425746
00:01:27.262 2006.580891 -45.065635 31.417710 131.417710
00:01:27.382 2005.690341 -54.385191 31.402380 131.402380
00:01:27.470 2005.245065 -60.154440 31.397097 131.397097
00:01:27.578 2004.799790 -65.812741 31.396278 131.396278
00:01:27.662 2004.465833 -71.138202 31.400148 131.400148
00:01:27.774 2004.020558 -77.240292 31.410417 131.410417
00:01:27.874 2003.575283 -83.009540 31.424853 131.424853
00:01:27.978 2002.684732 -88.667842 31.442713 131.442713
00:01:28.062 2002.239456 -93.771408 31.461167 131.461167
00:01:28.170 2001.460225 -100.095392 31.484608 131.484608
00:01:28.274 2001.014949 -105.642747 31.507527 131.507527
00:01:28.374 2000.124398 -111.301048 31.531191 131.531191
00:01:28.458 1999.790442 -116.182720 31.551655 131.551655
00:01:28.562 1998.899891 -122.284810 31.579709 131.579709
00:01:28.666 1998.009340 -128.054059 31.607540 131.607540
00:01:28.758 1997.230108 -133.157625 31.634552 131.634552
00:01:28.874 1996.339558 -139.925397 31.671313 131.671313
00:01:28.974 1995.449007 -145.583699 31.705097 131.705097
00:01:29.062 1994.669775 -150.687265 31.738285 131.738285
00:01:29.170 1993.779224 -157.011249 31.781222 131.781222
00:01:29.274 1992.999992 -162.780498 31.825424 131.825424
00:01:29.374 1991.664166 -168.216905 31.874910 131.874910
00:01:29.462 1990.773615 -173.542366 31.925734 131.925734
00:01:29.574 1989.994384 -179.644456 31.993600 131.993600
00:01:29.674 1988.658557 -185.413704 32.064144 132.064144
00:01:29.766 1987.879325 -190.073482 32.128364 132.128364
00:01:29.862 1986.543499 -196.175572 32.218628 132.218628
00:01:30.014 1985.764267 -201.057244 32.292372 132.292372
00:01:30.074 1984.428441 -207.603122 32.400347 132.400347
00:01:30.174 1983.203934 -213.705212 32.504155 132.504155
00:01:30.318 1981.868108 -218.808778 32.594568 132.594568
00:01:30.374 1980.643601 -224.578027 32.695845 132.695845
00:01:30.458 1979.307774 -229.681593 32.790723 132.790723
00:01:30.582 1978.083267 -235.783683 32.905321 132.905321
00:01:30.666 1976.858760 -241.220090 33.012626 133.012626
00:01:30.762 1975.522934 -246.545551 33.111746 133.111746
00:01:30.866 1973.853151 -252.536694 33.229692 133.229692
00:01:30.966 1972.517325 -258.194995 33.339155 133.339155
00:01:31.070 1970.847542 -264.297085 33.458738 133.458738
00:01:31.170 1969.177760 -269.844440 33.570583 133.570583
00:01:31.274 1967.841933 -275.502741 33.684362 133.684362
00:01:31.374 1966.172151 -281.050096 33.800745 133.800745
00:01:31.474 1964.502368 -286.597450 33.920254 133.920254
00:01:31.562 1963.166542 -291.257228 34.022648 134.022648
00:01:31.662 1961.496759 -297.359318 34.159496 134.159496
00:01:31.766 1959.826977 -302.795725 34.289274 134.289274
00:01:31.862 1958.157194 -308.343080 34.421805 134.421805
00:01:31.962 1956.376092 -313.890434 34.555825 134.555825
00:01:32.062 1954.261034 -319.326842 34.690440 134.690440
00:01:32.166 1952.591252 -324.874196 34.824609 134.824609
00:01:32.270 1950.476194 -330.754392 34.968748 134.968748
00:01:32.366 1948.806411 -335.857958 35.089374 135.089374
00:01:32.458 1947.136628 -340.961524 35.208585 135.208585
00:01:32.562 1944.910251 -346.841720 35.347814 135.347814
00:01:32.687 1944.131019 -349.171609 35.400871 135.400871
00:01:32.778 1941.570686 -356.383170 35.568377 135.568377
00:01:32.890 1939.455628 -361.930524 35.692053 135.692053
00:01:32.990 1936.450019 -369.031138 35.853904 135.853904
00:01:33.058 1935.225512 -372.692392 35.933601 135.933601
00:01:33.178 1933.110454 -378.128799 36.051920 136.051920
00:01:33.270 1930.104845 -385.340360 36.207743 136.207743
00:01:33.370 1927.989787 -390.665820 36.323829 136.323829
00:01:33.478 1925.874729 -395.769387 36.430315 136.430315
00:01:33.558 1923.759671 -400.651059 36.536876 136.536876
00:01:33.670 1921.199337 -406.753149 36.672533 136.672533
00:01:33.774 1918.639004 -412.300503 36.788842 136.788842
00:01:33.870 1916.078670 -417.515016 36.904556 136.904556
00:01:34.074 1913.963612 -422.396688 37.009703 137.009703
00:01:34.182 1910.958004 -428.942567 37.150867 137.150867
00:01:34.262 1908.397670 -434.711815 37.271194 137.271194
00:01:34.362 1904.167554 -443.365688 37.454550 137.454550
00:01:34.458 1901.607221 -447.803572 37.545707 137.545707
00:01:34.574 1898.712931 -454.349450 37.681588 137.681588
00:01:34.678 1895.707322 -459.453016 37.789116 137.789116
00:01:34.770 1893.146988 -464.778477 37.895305 137.895305
00:01:34.898 1891.477206 -467.663101 37.956622 137.956622
00:01:34.968 1888.026321 -474.652768 38.094883 138.094883
00:01:35.066 1885.132032 -479.756334 38.197426 138.197426
00:01:35.170 1882.126423 -485.414635 38.307707 138.307707
00:01:35.294 1879.566089 -489.741572 38.392019 138.392019
00:01:35.498 1878.341582 -492.626196 38.450806 138.450806
00:01:35.571 1870.660582 -505.828900 38.710436 138.710436
00:01:35.675 1867.654973 -510.821519 38.812012 138.812012
00:01:35.770 1864.649364 -515.481297 38.906443 138.906443
00:01:35.878 1861.755074 -521.028651 39.019627 139.019627
00:01:36.274 1860.864523 -522.249069 39.045969 139.045969
00:01:36.370 1845.613842 -545.769852 39.552283 139.552283
00:01:36.458 1843.053508 -549.985842 39.641431 139.641431
00:01:36.558 1839.602624 -555.311302 39.759972 139.759972
00:01:36.662 1836.263059 -560.192974 39.872784 139.872784
00:01:36.762 1832.812174 -565.074646 39.988870 139.988870
00:01:36.862 1829.472609 -569.956318 40.107039 140.107039
00:01:36.962 1826.021725 -574.727043 40.226177 140.226177
00:01:37.070 1822.682159 -579.830609 40.355285 140.355285
00:01:37.170 1818.786000 -584.712281 40.474124 140.474124
00:01:37.270 1815.446435 -589.593953 40.592294 140.592294
00:01:37.374 1811.995550 -594.253730 40.709645 140.709645
00:01:37.470 1808.655985 -598.913508 40.826103 140.826103
00:01:37.562 1805.650376 -602.907603 40.922320 140.922320
00:01:37.662 1801.865535 -607.567381 41.036694 141.036694
00:01:37.762 1798.414651 -612.227159 41.149655 141.149655
00:01:37.862 1794.184535 -617.330725 41.270355 141.270355
00:01:37.962 1790.844970 -621.990503 41.380115 141.380115
00:01:38.062 1786.948810 -626.650281 41.488164 141.488164
00:01:38.166 1782.718694 -631.642900 41.603506 141.603506
00:01:38.266 1779.379129 -635.969836 41.699649 141.699649
00:01:38.366 1775.482969 -640.407720 41.803382 141.803382
00:01:38.466 1771.698128 -645.067498 41.906148 141.906148
00:01:38.566 1767.913288 -649.505381 42.008096 142.008096
00:01:38.666 1764.017128 -654.165159 42.109447 142.109447
00:01:38.770 1760.232287 -658.603043 42.210279 142.210279
00:01:38.874 1756.002171 -663.484715 42.319295 142.319295
00:01:38.974 1752.217331 -667.922598 42.419680 142.419680
00:01:39.070 1747.875896 -672.360482 42.519915 142.519915
00:01:39.166 1746.206113 -674.246582 42.561736 142.561736
00:01:39.270 1740.306214 -680.792461 42.711829 142.711829
00:01:39.366 1736.076098 -685.230344 42.811395 142.811395
00:01:39.474 1731.734663 -689.890122 42.918552 142.918552
00:01:39.558 1728.840373 -693.107588 42.992222 142.992222
00:01:39.662 1725.834764 -695.992212 43.057334 143.057334
00:01:39.778 1719.044315 -702.759984 43.210478 143.210478
00:01:39.870 1714.814199 -706.975974 43.305877 143.305877
00:01:39.958 1711.363314 -710.415334 43.384607 143.384607
00:01:40.062 1707.133198 -714.631323 43.478443 143.478443
00:01:40.166 1702.457807 -719.291101 43.579274 143.579274
00:01:40.266 1698.227691 -723.507090 43.671771 143.671771
00:01:40.358 1694.442850 -727.390238 43.756305 143.756305
00:01:40.478 1689.322183 -732.050016 43.863834 143.863834
00:01:40.562 1685.092067 -735.822217 43.948517 143.948517
00:01:40.710 1680.861951 -739.816312 44.041385 144.041385
00:01:40.770 1676.186559 -744.032302 44.134998 144.134998
00:01:40.870 1671.511168 -748.248291 44.237615 144.237615
00:01:40.974 1666.835776 -752.353334 44.334056 144.334056
00:01:41.058 1663.050936 -755.681746 44.415465 144.415465
00:01:41.166 1658.709501 -759.564894 44.514287 144.514287
00:01:41.262 1653.700153 -763.780884 44.622485 144.622485
00:01:41.374 1649.024761 -767.774979 44.722944 144.722944
00:01:41.462 1644.683326 -771.325286 44.815440 144.815440
00:01:41.566 1639.673978 -775.430328 44.924978 144.924978
00:01:41.670 1634.553311 -779.646318 45.035036 145.035036
00:01:41.774 1630.323195 -782.974730 45.128426 145.128426
00:01:41.874 1625.202528 -786.968826 45.239303 145.239303
00:01:41.978 1620.972412 -790.630080 45.333437 145.333437
00:01:42.074 1615.406470 -794.624175 45.445058 145.445058
00:01:42.166 1611.176354 -798.063535 45.540010 145.540010
00:01:42.270 1606.055687 -801.835736 45.652822 145.652822
00:01:42.370 1603.161397 -803.943730 45.713916 145.713916
00:01:42.470 1596.370948 -809.269191 45.863116 145.863116
00:01:42.570 1591.250281 -812.819498 45.969454 145.969454
00:01:42.690 1587.354121 -815.371281 46.049821 146.049821
00:01:42.774 1581.454222 -819.809164 46.185255 146.185255
00:01:42.874 1576.333555 -823.470418 46.295015 146.295015
00:01:42.958 1572.103439 -826.133148 46.387661 146.387661
00:01:43.066 1566.982772 -830.016296 46.509551 146.509551
00:01:43.166 1561.973424 -833.344709 46.623330 146.623330
00:01:43.262 1557.298033 -836.562175 46.728254 146.728254
00:01:43.374 1552.622641 -839.446799 46.833550 146.833550
00:01:43.494 1546.166148 -843.773736 46.977392 146.977392
00:01:43.558 1541.936032 -846.436466 47.073238 147.073238
00:01:43.670 1536.036134 -850.319614 47.207853 147.207853
00:01:43.766 1530.915467 -853.204238 47.313893 147.313893
00:01:43.870 1525.794800 -856.421704 47.429458 147.429458
00:01:43.974 1520.340176 -859.972011 47.554697 147.554697
00:01:44.062 1515.664785 -862.745688 47.660364 147.660364
00:01:44.162 1510.098843 -865.963154 47.775483 147.775483
00:01:44.278 1504.644219 -869.291566 47.900127 147.900127
00:01:44.362 1499.523552 -872.065244 48.005497 148.005497
00:01:44.466 1494.402885 -875.282709 48.120541 148.120541
00:01:44.574 1488.502987 -878.389228 48.245408 148.245408
00:01:44.670 1483.382320 -881.384799 48.360824 148.360824
00:01:44.758 1478.261653 -884.158476 48.467013 148.467013
00:01:44.858 1476.591870 -885.157000 48.505708 148.505708
00:01:44.970 1467.241087 -890.260566 48.709454 148.709454
00:01:45.082 1461.675145 -893.034244 48.826061 148.826061
00:01:45.162 1456.999754 -895.364132 48.923171 148.923171
00:01:45.270 1451.099855 -898.581598 49.049377 149.049377
00:01:45.370 1445.199956 -901.466222 49.175212 149.175212
00:01:45.474 1439.634014 -904.239900 49.290926 149.290926
00:01:45.558 1435.403898 -906.569788 49.386994 149.386994
00:01:45.658 1429.837955 -909.121572 49.501815 149.501815
00:01:45.762 1423.492781 -912.117143 49.625417 149.625417
00:01:45.870 1417.592882 -914.890820 49.747902 149.747902
00:01:46.078 1412.026940 -917.331656 49.860119 149.860119
00:01:46.178 1405.236491 -920.549122 49.999347 149.999347
00:01:46.270 1394.995157 -924.987005 50.195949 150.195949
00:01:46.374 1389.540533 -927.538788 50.311365 150.311365
00:01:46.502 1385.755693 -929.202995 50.389575 150.389575
00:01:46.562 1379.299200 -931.976672 50.529399 150.529399
00:01:46.670 1372.508750 -934.750349 50.673241 150.673241
00:01:46.774 1367.054127 -937.080238 50.799745 150.799745
00:01:46.862 1361.488185 -939.188233 50.917766 150.917766
00:01:46.966 1355.922242 -941.518122 51.047767 151.047767
00:01:47.074 1349.577068 -943.848011 51.189005 151.189005
00:01:47.166 1344.456401 -945.734111 51.307695 151.307695
00:01:47.270 1338.556502 -947.842106 51.435539 151.435539
00:01:47.374 1332.211328 -950.171995 51.571642 151.571642
00:01:47.474 1326.200111 -952.279990 51.694872 151.694872
00:01:47.562 1321.190763 -954.166090 51.805897 151.805897
00:01:47.662 1315.179545 -956.052191 51.925183 151.925183
00:01:47.767 1309.279646 -958.271132 52.042385 152.042385
00:01:47.870 1302.934472 -960.379127 52.166880 152.166880
00:01:47.958 1298.259081 -961.821439 52.260865 152.260865
00:01:48.062 1291.802588 -963.929434 52.381044 152.381044
00:01:48.170 1285.902689 -965.815534 52.489837 152.489837
00:01:48.258 1280.336747 -967.479741 52.588138 152.588138
00:01:48.374 1273.546297 -969.698683 52.712261 152.712261
00:01:48.466 1268.091674 -971.362889 52.809669 152.809669
00:01:48.574 1261.746499 -973.248990 52.925606 152.925606
00:01:48.674 1255.735282 -974.913196 53.034027 153.034027
00:01:48.758 1250.614615 -976.244561 53.125556 153.125556
00:01:48.894 1245.939223 -977.686873 53.218053 153.218053
00:01:48.986 1241.375151 -978.796344 53.301769 153.301769
00:01:49.058 1232.803600 -981.126233 53.460420 153.460420
00:01:49.166 1226.903701 -982.568545 53.572264 153.572264
00:01:49.274 1219.667976 -984.232751 53.701745 153.701745
00:01:49.358 1214.547309 -985.564116 53.792902 153.792902
00:01:49.502 1209.092686 -986.784534 53.891872 153.891872
00:01:49.574 1202.302236 -988.226847 54.015251 154.015251
00:01:49.674 1195.511787 -989.780106 54.127691 154.127691
00:01:49.774 1189.500569 -991.000524 54.230085 154.230085
00:01:49.867 1184.045946 -992.331889 54.322730 154.322730
00:01:49.974 1177.144177 -993.552307 54.431077 154.431077
00:01:50.062 1171.689554 -994.661778 54.521788 154.521788
00:01:50.230 1166.568887 -995.660302 54.603494 154.603494
00:01:50.231 1160.668988 -996.991667 54.700977 154.700977
00:01:50.374 1152.987988 -998.212085 54.822495 154.822495
00:01:50.458 1147.867321 -999.099661 54.903457 154.903457
00:01:50.570 1140.631596 -1000.320079 55.016715 155.016715
00:01:50.658 1135.176973 -1001.207656 55.106161 155.106161
00:01:50.770 1128.386523 -1002.206180 55.212573 155.212573
00:01:50.874 1122.375305 -1003.315651 55.311693 155.311693
00:01:50.966 1117.365957 -1003.870386 55.394888 155.394888
00:01:51.062 1110.575508 -1004.757963 55.503681 155.503681
00:01:51.158 1105.900116 -1005.423646 55.579360 155.579360
00:01:51.266 1098.219116 -1006.422169 55.705864 155.705864
00:01:51.370 1091.428667 -1007.087852 55.815402 155.815402
00:01:51.458 1086.308000 -1007.753534 55.899415 155.899415
00:01:51.574 1079.072275 -1008.419217 56.016989 156.016989
00:01:51.666 1073.617651 -1008.973952 56.109412 156.109412
00:01:51.770 1066.827202 -1009.639635 56.218726 156.218726
00:01:51.874 1060.370709 -1010.083423 56.320078 156.320078
00:01:51.958 1055.361361 -1010.527212 56.404984 156.404984
00:01:52.062 1048.570911 -1011.081947 56.516085 156.516085
00:01:52.166 1042.114418 -1011.525736 56.619520 156.619520
00:01:52.262 1036.214519 -1011.969524 56.723848 156.723848
00:01:52.366 1029.869345 -1012.191418 56.829368 156.829368
00:01:52.458 1024.303403 -1012.635206 56.927371 156.927371
00:01:52.566 1017.512953 -1012.857101 57.045020 157.045020
00:01:52.674 1010.722504 -1013.078995 57.164826 157.164826
00:01:52.770 1004.377330 -1013.189942 57.277043 157.277043
00:01:52.870 998.477431 -1013.411836 57.390822 157.390822
00:01:52.970 992.020938 -1013.411836 57.505940 157.505940
00:01:53.062 987.011590 -1013.411836 57.602753 157.602753
00:01:53.158 980.555097 -1013.411836 57.719732 157.719732
00:01:53.262 974.209923 -1013.411836 57.847054 157.847054
00:01:53.362 967.864749 -1013.411836 57.964777 157.964777
00:01:53.478 961.074299 -1013.411836 58.092100 158.092100
00:01:53.562 955.508357 -1013.189942 58.199777 158.199777
00:01:53.663 949.163183 -1013.078995 58.317426 158.317426
00:01:53.766 942.818008 -1012.857101 58.435446 158.435446
00:01:53.866 936.806791 -1012.635206 58.553690 158.553690
00:01:53.978 930.016341 -1012.413312 58.682203 158.682203
00:01:54.086 924.561718 -1011.969524 58.791220 158.791220
00:01:54.174 917.771268 -1011.747630 58.920701 158.920701
00:01:54.274 911.314775 -1011.303841 59.041028 159.041028
00:01:54.374 905.414876 -1010.860053 59.162546 159.162546
00:01:54.474 899.069702 -1010.305318 59.285329 159.285329
00:01:54.570 893.949035 -1009.861529 59.388542 159.388542
00:01:54.666 887.158586 -1009.417741 59.523752 159.523752
00:01:54.762 881.258687 -1008.752058 59.649363 159.649363
00:01:54.874 874.802194 -1008.197323 59.775420 159.775420
00:01:54.970 868.902295 -1007.531640 59.901627 159.901627
00:01:55.070 862.111846 -1006.644064 60.038177 160.038177
00:01:55.166 856.545904 -1006.089328 60.153444 160.153444
00:01:55.274 850.646005 -1005.201751 60.268414 160.268414
00:01:55.362 844.746106 -1004.314175 60.393355 160.393355
00:01:55.470 837.510381 -1003.537545 60.538313 160.538313
00:01:55.574 831.499163 -1002.428074 60.661766 160.661766
00:01:55.670 825.153989 -1001.651445 60.784401 160.784401
00:01:55.826 820.478598 -1000.763868 60.876004 160.876004
00:01:55.828 814.578699 -999.876291 60.997597 160.997597
00:01:55.962 807.342974 -998.655873 61.138612 161.138612
00:01:56.070 800.997800 -997.324508 61.268018 161.268018
00:01:56.166 795.431858 -996.547878 61.375546 161.375546
00:01:56.262 789.086683 -995.216513 61.491111 161.491111
00:01:56.362 783.075466 -993.996095 61.605039 161.605039
00:01:56.458 777.620842 -992.886624 61.708475 161.708475
00:01:56.558 771.609625 -991.666206 61.820691 161.820691
00:01:56.670 765.264451 -990.334841 61.932461 161.932461
00:01:56.770 758.919276 -988.892529 62.053160 162.053160
00:01:56.874 752.574102 -987.450217 62.173637 162.173637
00:01:56.978 746.562885 -985.896958 62.284811 162.284811
00:01:57.066 741.108261 -984.676540 62.386759 162.386759
00:01:57.258 735.987594 -983.345175 62.479479 162.479479
00:01:57.374 722.406695 -980.016762 62.729212 162.729212
00:01:57.474 716.506796 -978.352556 62.839940 162.839940
00:01:57.574 710.495579 -976.799296 62.951413 162.951413
00:01:57.674 704.595680 -975.135090 63.064373 163.064373
00:01:57.770 698.584462 -973.470884 63.179120 163.179120
00:01:57.870 692.684564 -971.584783 63.295206 163.295206
00:01:57.970 687.118621 -969.809630 63.412036 163.412036
00:01:58.070 681.218723 -967.923529 63.529163 163.529163
00:01:58.166 675.652780 -966.259323 63.636320 163.636320
00:01:58.266 669.307606 -964.373222 63.762600 163.762600
00:01:58.366 664.186939 -962.487122 63.868938 163.868938
00:01:58.506 659.177591 -960.711968 63.965081 163.965081
00:01:58.574 651.941866 -958.382079 64.108179 164.108179
00:01:58.671 646.375924 -956.274085 64.221810 164.221810
00:01:58.770 640.476025 -954.166090 64.334919 164.334919
00:01:58.914 634.464808 -952.058095 64.447359 164.447359
00:01:59.022 629.455460 -950.171995 64.549752 164.549752
00:01:59.114 625.114025 -948.507788 64.633096 164.633096
00:01:59.194 620.104677 -946.621688 64.734522 164.734522
00:01:59.266 612.423676 -943.626117 64.881564 164.881564
00:01:59.366 606.523778 -941.296228 64.991325 164.991325
00:01:59.466 600.957835 -938.966339 65.100268 165.100268
00:01:59.566 595.391893 -936.636450 65.208019 165.208019
00:01:59.666 589.491994 -934.306561 65.314506 165.314506
00:01:59.770 584.816603 -932.420460 65.402314 165.402314
00:01:59.870 578.026153 -929.202995 65.532539 165.532539
00:01:59.958 573.350762 -927.095000 65.618636 165.618636
00:02:00.062 567.450863 -924.543217 65.729810 165.729810
00:02:00.174 560.994370 -921.769540 65.840241 165.840241
00:02:00.262 555.985022 -919.439651 65.932961 165.932961
00:02:00.362 550.419080 -916.776921 66.033494 166.033494
00:02:00.462 544.853137 -914.225138 66.133284 166.133284
00:02:00.566 539.398514 -911.229566 66.240440 166.240440
00:02:00.666 534.277847 -908.677783 66.330555 166.330555
00:02:00.766 528.711905 -905.904106 66.428186 166.428186
00:02:00.866 523.257282 -903.241376 66.525297 166.525297
00:02:00.962 517.691339 -900.467699 66.622035 166.622035
00:02:01.066 512.570672 -897.694021 66.718476 166.718476
00:02:01.162 507.116049 -894.698450 66.814693 166.814693
00:02:01.266 501.550107 -892.035720 66.910762 166.910762
00:02:01.366 496.540759 -889.040148 67.006607 167.006607
00:02:01.466 490.974816 -886.044577 67.102452 167.102452
00:02:01.566 485.854150 -883.049005 67.198372 167.198372
00:02:01.662 480.399526 -880.164381 67.294366 167.294366
00:02:01.762 475.278859 -876.946915 67.390435 167.390435
00:02:01.866 470.158192 -873.951344 67.486429 167.486429
00:02:01.963 465.037526 -870.844826 67.582348 167.582348
00:02:02.066 459.582902 -867.627360 67.678194 167.678194
00:02:02.162 454.462235 -864.520841 67.773890 167.773890
00:02:02.266 450.232119 -861.747164 67.853588 167.853588
00:02:02.370 443.886945 -857.753069 67.973022 167.973022
00:02:02.470 438.766278 -854.535603 68.068496 168.068496
00:02:02.558 434.536162 -851.761926 68.147895 168.147895
00:02:02.658 429.415495 -848.433513 68.243294 168.243294
00:02:02.758 425.185379 -845.659836 68.322768 168.322768
00:02:02.858 419.619437 -841.665741 68.434166 168.434166
00:02:02.958 414.053495 -838.004487 68.537527 168.537527
00:02:03.062 409.044147 -834.676074 68.633075 168.633075
00:02:03.162 403.923480 -831.014820 68.728623 168.728623
00:02:03.266 399.248088 -827.686408 68.824394 168.824394
00:02:03.366 394.127421 -824.025154 68.920537 168.920537
00:02:03.466 389.452030 -820.474847 69.017126 169.017126
00:02:03.570 384.331363 -816.591699 69.122422 169.122422
00:02:03.678 379.322015 -813.041392 69.220128 169.220128
00:02:03.758 375.425855 -809.823926 69.301909 169.301909
00:02:03.874 369.971232 -805.607937 69.416953 169.416953
00:02:03.966 365.295840 -802.279524 69.507738 169.507738
00:02:04.082 360.620449 -798.396376 69.607081 169.607081
00:02:04.162 355.945057 -794.846069 69.706796 169.706796
00:02:04.274 350.824391 -790.630080 69.814845 169.814845
00:02:04.374 346.148999 -786.857878 69.914336 169.914336
00:02:04.490 344.033941 -784.860831 69.963971 169.963971
00:02:04.618 338.467999 -780.422947 70.079089 170.079089
00:02:04.630 334.237883 -776.650746 70.177241 170.177241
00:02:04.770 327.892709 -771.325286 70.308210 170.308210
00:02:04.874 323.662592 -767.331191 70.406437 170.406437
00:02:04.958 319.877752 -764.113725 70.487846 170.487846
00:02:05.062 314.757085 -759.675841 70.593067 170.593067
00:02:05.170 310.081693 -755.459852 70.697544 170.697544
00:02:05.274 306.630809 -752.353334 70.769428 170.769428
00:02:05.358 301.955418 -748.137344 70.873013 170.873013
00:02:05.462 297.280026 -743.588513 70.976672 170.976672
00:02:05.566 293.049910 -739.372524 71.072517 171.072517
00:02:05.670 288.374519 -734.934640 71.176473 171.176473
00:02:05.774 284.144402 -730.718651 71.272691 171.272691
00:02:05.862 279.914286 -726.946450 71.360946 171.360946
00:02:05.966 275.684170 -722.730461 71.457535 171.457535
00:02:06.074 271.454054 -718.292577 71.562534 171.562534
00:02:06.174 267.223938 -713.854693 71.659569 171.659569
00:02:06.278 262.882503 -709.527757 71.756829 171.756829
00:02:06.370 258.652387 -705.311767 71.854088 171.854088
00:02:06.474 254.867546 -700.873884 71.951347 171.951347
00:02:06.558 251.416662 -697.323577 72.032384 172.032384
00:02:06.658 247.186546 -692.885693 72.129569 172.129569
00:02:06.762 242.956430 -688.225916 72.234567 172.234567
00:02:06.862 239.171589 -683.788032 72.330933 172.330933
00:02:06.962 234.941473 -679.350148 72.426704 172.426704
00:02:07.138 230.711357 -674.468476 72.529693 172.529693
00:02:07.138 227.705748 -670.585328 72.608497 172.608497
00:02:07.278 223.030357 -665.592709 72.718184 172.718184
00:02:07.358 220.024748 -661.709561 72.795872 172.795872
00:02:07.462 215.794632 -656.716942 72.895513 172.895513
00:02:07.566 212.009791 -652.168111 72.986223 172.986223
00:02:07.662 208.113631 -647.619281 73.075669 173.075669
00:02:07.766 204.328791 -642.959503 73.164222 173.164222
00:02:07.878 200.543950 -637.855937 73.259472 173.259472
00:02:07.959 197.538341 -633.972789 73.332472 173.332472
00:02:08.114 194.087457 -629.756799 73.412690 173.412690
00:02:08.178 189.857341 -624.320392 73.514712 173.514712
00:02:08.258 187.297007 -620.659138 73.580345 173.580345
00:02:08.370 182.621616 -614.778942 73.690106 173.690106
00:02:08.466 179.282050 -610.119164 73.777691 173.777691
00:02:08.562 175.831166 -605.237492 73.864905 173.864905
00:02:08.674 172.046325 -600.133926 73.958889 173.958889
00:02:08.774 168.706760 -595.252254 74.045135 174.045135
00:02:08.858 165.701151 -591.258159 74.116796 174.116796
00:02:08.966 162.250267 -585.932699 74.209814 174.209814
00:02:09.058 158.910702 -581.494815 74.288321 174.288321
00:02:09.158 155.905093 -576.724090 74.373673 174.373673
00:02:09.262 152.120252 -571.398630 74.465724 174.465724
00:02:09.366 149.114643 -566.295064 74.550258 174.550258
00:02:09.502 146.109035 -561.857180 74.627426 174.627426
00:02:09.562 142.769469 -556.975508 74.711364 174.711364
00:02:09.662 139.318585 -551.539101 74.802373 174.802373
00:02:09.758 136.424295 -546.879323 74.879615 174.879615
00:02:09.870 132.973411 -541.110074 74.978064 174.978064
00:02:09.958 130.413077 -536.894085 75.048535 175.048535
00:02:10.070 127.073512 -531.346730 75.140287 175.140287
00:02:10.174 123.622628 -525.910323 75.232337 175.232337
00:02:10.262 121.062294 -521.250545 75.310398 175.310398
00:02:10.370 117.722729 -515.703191 75.402969 175.402969
00:02:10.458 115.607671 -511.487201 75.474481 175.474481
00:02:10.558 112.602062 -506.383635 75.560503 175.560503
00:02:10.670 109.596453 -500.947228 75.653893 175.653893
00:02:10.774 106.702163 -495.177979 75.747134 175.747134
00:02:10.862 104.141830 -490.518201 75.825864 175.825864
00:02:11.330 101.136221 -485.303688 75.911663 175.911663
00:02:11.466 90.894887 -465.111318 76.237225 176.237225
00:02:11.582 87.555322 -458.121651 76.350557 176.350557
00:02:11.774 83.770481 -450.355355 76.488819 176.488819
00:02:11.878 79.429046 -441.479588 76.661906 176.661906
00:02:11.994 75.198930 -432.160032 76.864461 176.864461
00:02:12.070 73.529148 -428.720672 76.946986 176.946986
00:02:12.162 70.968814 -422.840477 77.087108 177.087108
00:02:12.258 68.408481 -417.071228 77.234150 177.234150
00:02:12.378 65.848147 -410.747244 77.398010 177.398010
00:02:12.474 63.399133 -405.532731 77.540066 177.540066
00:02:12.578 61.172756 -400.207270 77.681006 177.681006
00:02:12.670 59.502973 -395.103704 77.807287 177.807287
00:02:12.762 57.387915 -390.222032 77.929847 177.929847
00:02:12.882 54.827582 -383.898048 78.079866 178.079866
00:02:12.970 52.712524 -378.350694 78.203096 178.203096
00:02:13.062 51.042741 -374.356598 78.292616 178.292616
00:02:13.158 49.372958 -368.920191 78.408255 178.408255
00:02:13.274 46.812625 -362.152418 78.546368 178.546368
00:02:13.370 44.697567 -357.048852 78.642734 178.642734
00:02:13.462 42.916465 -352.167180 78.735007 178.735007
00:02:13.586 42.137233 -349.393503 78.783525 178.783525
00:02:13.722 39.131625 -341.516260 78.914122 178.914122
00:02:13.782 37.461842 -336.523641 78.994638 178.994638
00:02:13.894 35.346784 -330.532498 79.087804 179.087804
00:02:13.927 33.231726 -325.096090 79.173083 179.173083
00:02:14.078 31.116668 -318.106424 79.280388 179.280388
00:02:14.158 29.780842 -313.890434 79.346021 179.346021
00:02:14.266 27.665783 -307.455503 79.449829 179.449829
00:02:14.374 25.996001 -301.353413 79.546195 179.546195
00:02:14.466 24.326218 -296.249847 79.625446 179.625446
00:02:14.566 22.545117 -291.257228 79.701274 179.701274
00:02:14.678 20.875334 -284.600403 79.791166 179.791166
00:02:14.770 19.205551 -279.163995 79.862008 179.862008
00:02:14.862 17.869725 -274.060429 79.922358 179.922358
00:02:14.966 16.645218 -268.734969 79.978838 179.978838
00:02:15.058 15.309392 -263.298561 80.036584 180.036584
00:02:15.174 13.639609 -256.752683 80.099315 180.099315
00:02:15.270 11.969826 -251.427223 80.145154 180.145154
00:02:15.366 10.745319 -245.657974 80.191886 180.191886
00:02:15.462 9.409493 -240.665355 80.231623 180.231623
00:02:15.570 7.739710 -234.119477 80.278355 180.278355
00:02:15.658 6.849159 -229.237805 80.309832 180.309832
00:02:15.766 5.624652 -223.024768 80.349867 180.349867
00:02:15.871 3.843551 -216.922678 80.390943 180.390943
00:02:15.958 3.064319 -212.262900 80.424281 180.424281
